9 233548.276651 569757.20 9492911.86 17.53
9 233548.276679 569757.82 9492910.22 17.44
9 233548.276707 569758.41 9492908.55 17.41
0 233548.276736 569758.88 9492906.85 17.61
10 233548.276736 569758.92 9492906.86 17.47
0 233548.276765 569759.43 9492905.12 17.61
5 233548.276765 569759.47 9492905.13 17.44
0 233548.276794 569759.94 9492903.41 17.61
10 233548.276794 569759.97 9492903.41 17.51
0 233548.276823 569760.44 9492901.64 17.61
10 233548.276823 569760.49 9492901.65 17.44
0 233548.276853 569760.92 9492899.88 17.61
10 233548.276853 569760.94 9492899.88 17.52
0 233548.276880 569761.33 9492898.30 17.61
10 233548.276880 569761.35 9492898.30 17.52
0 233548.276908 569761.74 9492896.58 17.61
10 233548.276908 569761.77 9492896.58 17.53
0 233548.276936 569762.13 9492894.91 17.61
10 233548.276936 569762.13 9492894.91 17.58
0 233548.276964 569762.48 9492893.25 17.61
10 233548.276964 569762.53 9492893.26 17.44
0 233548.276992 569762.83 9492891.57 17.61
10 233548.276992 569762.86 9492891.57 17.50
0 233548.277021 569763.16 9492889.82 17.61
5 233548.277021 569763.11 9492889.81 17.74
0 233548.277050 569763.45 9492888.09 17.62
8 233548.277050 569763.73 9492888.12 16.61
0 233548.277079 569763.73 9492886.34 17.62
8 233548.277079 569764.01 9492886.37 16.60
0 233548.277109 569763.99 9492884.55 17.62
5 233548.277109 569764.03 9492884.56 17.51
0 233548.277137 569764.22 9492882.85 17.62
5 233548.277137 569764.27 9492882.86 17.46
0 233548.277165 569764.42 9492881.18 17.62
5 233548.277165 569764.44 9492881.18 17.53
0 233548.277193 569764.59 9492879.48 17.62
5 233548.277193 569764.61 9492879.48 17.56
0 233548.277222 569764.75 9492877.77 17.62
5 233548.277222 569764.76 9492877.77 17.58
0 233548.277251 569764.89 9492876.01 17.62
5 233548.277251 569764.89 9492876.01 17.60
0 233548.277280 569764.99 9492874.29 17.62
5 233548.277280 569765.02 9492874.29 17.54
0 233548.277310 569765.08 9492872.51 17.61
5 233548.277310 569765.11 9492872.51 17.52
0 233548.277338 569765.14 9492870.80 17.60
10 233548.277338 569765.18 9492870.80 17.47
0 233548.277365 569765.18 9492869.20 17.60
10 233548.277365 569765.20 9492869.20 17.50
0 233548.277394 569765.19 9492867.47 17.60
5 233548.277394 569765.22 9492867.47 17.47
0 233548.277422 569765.18 9492865.81 17.60
5 233548.277422 569765.23 9492865.81 17.40
0 233548.277449 569765.14 9492864.17 17.60
5 233548.277449 569765.20 9492864.17 17.37
0 233548.277477 569765.08 9492862.48 17.60
5 233548.277477 569765.16 9492862.48 17.32
0 233548.277507 569765.00 9492860.75 17.61
5 233548.277507 569765.06 9492860.75 17.36
0 233548.277535 569764.89 9492859.04 17.61
3 233548.277535 569764.94 9492859.04 17.41
0 233548.277564 569764.76 9492857.36 17.61
8 233548.277564 569765.11 9492857.35 16.35
0 233548.277593 569764.60 9492855.60 17.61
5 233548.277593 569764.74 9492855.59 17.11
0 233548.277622 569764.43 9492853.94 17.61
8 233548.277622 569764.61 9492853.93 16.94
0 233548.277650 569764.23 9492852.29 17.61
8 233548.277650 569764.43 9492852.28 16.89
0 233548.277678 569764.01 9492850.62 17.61
8 233548.277678 569764.18 9492850.61 16.99
0 233548.277706 569763.76 9492848.95 17.61
5 233548.277706 569763.83 9492848.95 17.34
0 233548.277736 569763.48 9492847.24 17.61
10 233548.277736 569763.50 9492847.24 17.53
0 233548.277765 569763.18 9492845.56 17.61
5 233548.277765 569763.03 9492845.57 18.00
0 233548.277794 569762.85 9492843.83 17.61
0 233548.277826 569762.47 9492842.02 17.61
0 233548.277852 569762.13 9492840.50 17.61
0 233548.277881 569761.73 9492838.85 17.61
0 233548.277909 569761.32 9492837.25 17.61
5 233548.277909 569761.32 9492837.25 17.62
9 233548.277937 569760.93 9492835.66 17.51
9 233548.277965 569760.64 9492834.04 17.08
9 233548.277994 569760.19 9492832.38 16.93
0 233548.278023 569759.43 9492830.80 17.61
8 233548.278023 569759.61 9492830.77 16.94
0 233548.278052 569758.91 9492829.21 17.61
5 233548.278052 569759.03 9492829.19 17.17
0 233548.278081 569758.34 9492827.56 17.61
5 233548.278081 569758.43 9492827.55 17.29
0 233548.278109 569757.78 9492826.01 17.61
5 233548.278109 569757.90 9492825.99 17.16
0 233548.278137 569757.19 9492824.47 17.61
5 233548.278137 569757.32 9492824.44 17.12
0 233548.278166 569756.58 9492822.92 17.61
5 233548.278166 569756.61 9492822.91 17.52
5 233548.278166 569756.61 9492822.91 17.52
0 233548.278194 569755.95 9492821.37 17.61
5 233548.278194 569755.96 9492821.37 17.57
0 233548.278223 569755.27 9492819.78 17.61
5 233548.278223 569755.27 9492819.78 17.62
0 233548.278252 569754.58 9492818.23 17.61
0 233548.278282 569753.85 9492816.64 17.61
5 233548.278282 569753.85 9492816.65 17.62
0 233548.278310 569753.13 9492815.15 17.61
5 233548.278310 569753.14 9492815.15 17.59
0 233548.278337 569752.43 9492813.74 17.61
5 233548.278337 569752.44 9492813.74 17.58
0 233548.278366 569751.65 9492812.23 17.61
5 233548.278366 569751.67 9492812.22 17.52
0 233548.278393 569750.87 9492810.77 17.61
5 233548.278393 569750.91 9492810.76 17.47
0 233548.278421 569750.09 9492809.35 17.61
5 233548.278421 569750.13 9492809.34 17.46
0 233548.278449 569749.26 9492807.90 17.61
5 233548.278449 569749.31 9492807.88 17.41
0 233548.278478 569748.38 9492806.41 17.60
5 233548.278478 569748.44 9492806.40 17.37
0 233548.278512 569747.35 9492804.72 17.59
5 233548.278512 569747.44 9492804.70 17.25
0 233548.278540 569746.45 9492803.32 17.59
5 233548.278540 569746.52 9492803.29 17.31
0 233548.278570 569745.49 9492801.86 17.59
5 233548.278570 569745.53 9492801.84 17.44
0 233548.278598 569744.55 9492800.47 17.59
7 233548.278598 569745.63 9492800.13 13.32
0 233548.278626 569743.59 9492799.08 17.59
5 233548.278626 569743.61 9492799.07 17.52
0 233548.278654 569742.64 9492797.74 17.59
5 233548.278654 569742.73 9492797.71 17.23
0 233548.278682 569741.68 9492796.41 17.59
8 233548.278682 569741.83 9492796.36 16.98
0 233548.278709 569740.69 9492795.09 17.59
8 233548.278709 569740.93 9492795.01 16.63
0 233548.278739 569739.59 9492793.67 17.59
8 233548.278739 569739.84 9492793.59 16.58
0 233548.278771 569738.42 9492792.21 17.59
8 233548.278771 569738.67 9492792.12 16.60
0 233548.278800 569737.32 9492790.87 17.59
8 233548.278800 569737.54 9492790.79 16.72
0 233548.278828 569736.23 9492789.57 17.59
8 233548.278828 569736.43 9492789.49 16.75
0 233548.278856 569735.12 9492788.29 17.59
8 233548.278856 569735.31 9492788.21 16.77
0 233548.278885 569733.98 9492787.02 17.59
8 233548.278885 569734.15 9492786.95 16.91
0 233548.278913 569732.85 9492785.78 17.59
8 233548.278913 569733.02 9492785.71 16.88
0 233548.278943 569731.63 9492784.48 17.59
5 233548.278943 569731.62 9492784.49 17.60
0 233548.278971 569730.44 9492783.26 17.59
0 233548.278998 569729.27 9492782.08 17.59
0 233548.279027 569728.03 9492780.86 17.59
5 233548.279027 569727.99 9492780.88 17.71
0 233548.279056 569726.78 9492779.68 17.60
5 233548.279056 569726.75 9492779.69 17.69
0 233548.279084 569725.53 9492778.51 17.60
5 233548.279084 569725.52 9492778.51 17.63
0 233548.279113 569724.25 9492777.35 17.60
0 233548.279140 569722.99 9492776.23 17.60
5 233548.279140 569722.97 9492776.24 17.65
3 233548.279140 569723.89 9492775.78 13.59
0 233548.279170 569721.61 9492775.04 17.60
0 233548.279199 569720.29 9492773.93 17.60
5 233548.279199 569720.25 9492773.95 17.72
7 233548.279199 569721.28 9492773.42 13.13
0 233548.279228 569718.89 9492772.78 17.60
5 233548.279228 569718.89 9492772.78 17.59
0 233548.279258 569717.48 9492771.65 17.60
5 233548.279258 569717.50 9492771.64 17.52
7 233548.279258 569718.48 9492771.11 12.99
0 233548.279286 569716.13 9492770.60 17.60
5 233548.279286 569716.18 9492770.57 17.36
5 233548.279286 569716.18 9492770.57 17.36
0 233548.279317 569714.59 9492769.44 17.60
5 233548.279317 569714.65 9492769.41 17.35
0 233548.279347 569713.14 9492768.37 17.60
5 233548.279347 569713.21 9492768.33 17.28
0 233548.279375 569711.71 9492767.34 17.60
5 233548.279375 569711.78 9492767.30 17.25
0 233548.279404 569710.25 9492766.32 17.59
8 233548.279404 569710.43 9492766.22 16.75
0 233548.279434 569708.75 9492765.30 17.59
5 233548.279434 569708.65 9492765.36 17.94
0 233548.279462 569707.28 9492764.33 17.59
5 233548.279462 569707.17 9492764.40 17.99
0 233548.279491 569705.78 9492763.37 17.59
5 233548.279491 569705.71 9492763.41 17.85
0 233548.279519 569704.34 9492762.46 17.60
0 233548.279551 569702.63 9492761.42 17.60
0 233548.279580 569701.07 9492760.50 17.60
0 233548.279608 569699.52 9492759.61 17.60
5 233548.279608 569699.53 9492759.61 17.58
0 233548.279637 569697.99 9492758.75 17.60
5 233548.279637 569697.90 9492758.82 17.94
0 233548.279665 569696.42 9492757.90 17.60
5 233548.279665 569696.41 9492757.91 17.66
0 233548.279693 569694.88 9492757.08 17.60
5 233548.279693 569694.92 9492757.05 17.35
0 233548.279722 569693.24 9492756.24 17.60
5 233548.279722 569693.32 9492756.18 17.17
0 233548.279752 569691.60 9492755.42 17.60
8 233548.279752 569691.75 9492755.31 16.77
0 233548.279780 569689.98 9492754.64 17.60
8 233548.279780 569690.14 9492754.52 16.74
0 233548.279812 569688.14 9492753.77 17.59
5 233548.279812 569688.14 9492753.77 17.59
0 233548.279841 569686.49 9492753.02 17.59
0 233548.279870 569684.82 9492752.28 17.59
5 233548.279870 569684.80 9492752.29 17.67
0 233548.279898 569683.16 9492751.57 17.59
0 233548.279926 569681.53 9492750.89 17.59
5 233548.279926 569681.52 9492750.90 17.64
0 233548.279954 569679.91 9492750.23 17.59
5 233548.279954 569679.90 9492750.24 17.63
0 233548.279982 569678.21 9492749.58 17.59
0 233548.280011 569676.48 9492748.93 17.59
5 233548.280011 569676.49 9492748.92 17.55
0 233548.280040 569674.75 9492748.30 17.59
5 233548.280040 569674.75 9492748.30 17.60
7 233548.280040 569675.62 9492747.51 12.25
0 233548.280068 569673.03 9492747.70 17.59
5 233548.280068 569673.02 9492747.71 17.65
9 233548.280098 569671.18 9492747.11 17.72
9 233548.280126 569669.44 9492746.57 17.84
15 233548.280153 569667.60 9492746.25 18.80
13 233548.280153 569667.73 9492746.12 18.16
15 233548.280182 569665.87 9492745.66 18.54
13 233548.280182 569665.87 9492745.66 18.54
9 233548.280210 569664.15 9492745.12 18.40
9 233548.280267 569660.55 9492744.20 18.67
9 233548.280297 569658.62 9492743.75 18.89
15 233548.280326 569656.79 9492743.33 19.03
13 233548.280326 569657.11 9492742.98 17.34
9 233548.280355 569654.93 9492742.92 19.16
9 233548.280384 569652.89 9492742.71 20.15
15 233548.280413 569650.96 9492742.41 20.62
13 233548.280413 569650.98 9492742.39 20.54
9 233548.280441 569649.15 9492742.04 20.61
9 233548.280469 569647.55 9492741.53 19.81
15 233548.280498 569645.55 9492741.30 20.39
13 233548.280498 569645.73 9492741.08 19.35
9 233548.280526 569644.00 9492740.68 18.95
9 233548.280555 569642.12 9492740.38 18.98
9 233548.280583 569640.25 9492740.11 19.04
15 233548.280611 569638.38 9492739.94 19.42
13 233548.280611 569638.38 9492739.94 19.42
9 233548.280641 569636.47 9492739.61 19.10
9 233548.280669 569634.66 9492739.30 18.71
15 233548.280696 569632.93 9492739.11 18.74
13 233548.280696 569632.93 9492739.11 18.74
9 233548.280725 569631.05 9492738.84 18.49
0 233548.280754 569629.23 9492738.46 17.61
5 233548.280754 569629.14 9492738.61 18.28
0 233548.280782 569627.37 9492738.30 17.61
5 233548.280782 569627.30 9492738.41 18.12
0 233548.280810 569625.51 9492738.15 17.61
5 233548.280810 569625.45 9492738.24 18.04
0 233548.280839 569623.60 9492738.01 17.61
5 233548.280839 569623.57 9492738.06 17.84
0 233548.280868 569621.65 9492737.90 17.61
5 233548.280868 569621.64 9492737.92 17.70
7 233548.280868 569622.07 9492737.17 13.16
0 233548.280897 569619.73 9492737.80 17.61
5 233548.280897 569619.75 9492737.76 17.38
0 233548.280925 569617.82 9492737.72 17.61
5 233548.280925 569617.86 9492737.65 17.19
0 233548.280954 569615.93 9492737.66 17.61
5 233548.280954 569615.93 9492737.66 17.61
0 233548.280982 569614.01 9492737.61 17.61
5 233548.280982 569614.01 9492737.60 17.57
0 233548.281011 569612.10 9492737.58 17.61
5 233548.281011 569612.11 9492737.56 17.48
0 233548.281039 569610.20 9492737.58 17.61
8 233548.281039 569610.26 9492737.43 16.74
0 233548.281067 569608.28 9492737.58 17.61
8 233548.281067 569608.35 9492737.43 16.69
0 233548.281097 569606.31 9492737.61 17.61
3 233548.281097 569606.32 9492737.58 17.45
0 233548.281126 569604.34 9492737.65 17.61
8 233548.281126 569604.39 9492737.53 16.86
0 233548.281154 569602.42 9492737.71 17.61
5 233548.281154 569602.42 9492737.72 17.66
7 233548.281154 569602.71 9492737.02 13.36
0 233548.281181 569600.59 9492737.79 17.61
5 233548.281181 569600.58 9492737.82 17.78
0 233548.281211 569598.61 9492737.89 17.61
10 233548.281211 569598.61 9492737.88 17.61
0 233548.281239 569596.66 9492738.00 17.61
5 233548.281239 569596.65 9492738.01 17.67
0 233548.281268 569594.75 9492738.12 17.61
5 233548.281268 569594.75 9492738.13 17.66
0 233548.281468 569581.17 9492739.42 17.61
0 233548.281498 569579.17 9492739.68 17.61
5 233548.281498 569579.17 9492739.70 17.72
0 233548.281526 569577.26 9492739.94 17.61
0 233548.281554 569575.35 9492740.21 17.61
0 233548.281582 569573.45 9492740.51 17.61
0 233548.281612 569571.47 9492740.83 17.61
5 233548.281612 569571.47 9492740.83 17.64
0 233548.281639 569569.59 9492741.14 17.61
8 233548.281639 569569.61 9492741.03 16.88
0 233548.281669 569567.63 9492741.49 17.61
5 233548.281669 569567.62 9492741.55 17.87
0 233548.281698 569565.66 9492741.86 17.61
5 233548.281698 569565.66 9492741.86 17.59
0 233548.281726 569563.77 9492742.23 17.61
0 233548.281899 569552.17 9492744.78 17.68
5 233548.281899 569552.17 9492744.81 17.84
3 233548.281899 569552.17 9492744.65 16.83
0 233548.281926 569550.39 9492745.21 17.68
5 233548.281926 569550.39 9492745.24 17.81
0 233548.281955 569548.46 9492745.70 17.68
5 233548.281955 569548.46 9492745.73 17.81
0 233548.281982 569546.64 9492746.17 17.68
5 233548.281982 569546.64 9492746.19 17.77
3 233548.281982 569546.64 9492746.02 16.72
0 233548.282010 569544.80 9492746.66 17.68
5 233548.282010 569544.80 9492746.66 17.67
0 233548.282038 569542.92 9492747.18 17.68
5 233548.282038 569542.92 9492747.19 17.76
7 233548.282038 569542.87 9492746.36 12.32
0 233548.282067 569541.01 9492747.71 17.68
5 233548.282067 569541.01 9492747.63 17.17
0 233548.282096 569539.11 9492748.26 17.68
5 233548.282096 569539.11 9492748.25 17.63
0 233548.282124 569537.25 9492748.82 17.68
5 233548.282124 569537.25 9492748.83 17.74
0 233548.282154 569535.30 9492749.41 17.68
5 233548.282154 569535.30 9492749.45 17.86
0 233548.282182 569533.46 9492749.99 17.68
5 233548.282182 569533.46 9492750.01 17.80
0 233548.282210 569531.63 9492750.58 17.68
5 233548.282210 569531.63 9492750.57 17.64
0 233548.282239 569529.79 9492751.19 17.68
5 233548.282239 569529.78 9492751.17 17.54
0 233548.282267 569527.94 9492751.82 17.68
8 233548.282267 569527.92 9492751.71 16.92
0 233548.282296 569526.04 9492752.48 17.68
5 233548.282296 569526.04 9492752.47 17.63
0 233548.282325 569524.18 9492753.13 17.68
5 233548.282325 569524.18 9492753.13 17.67
0 233548.282355 569522.27 9492753.82 17.68
5 233548.282355 569522.27 9492753.84 17.78
0 233548.282383 569520.45 9492754.49 17.68
5 233548.282383 569520.45 9492754.50 17.74
0 233548.282410 569518.74 9492755.13 17.68
5 233548.282410 569518.74 9492755.13 17.69
0 233548.282438 569516.90 9492755.84 17.68
5 233548.282438 569516.90 9492755.86 17.82
3 233548.282438 569516.86 9492755.71 16.75
9 233548.282494 569513.37 9492757.23 17.72
0 233548.282697 569500.62 9492762.63 17.58
5 233548.282697 569500.63 9492762.65 17.66
0 233548.282725 569498.85 9492763.44 17.58
5 233548.282725 569498.86 9492763.46 17.67
0 233548.282753 569497.11 9492764.26 17.58
5 233548.282753 569497.12 9492764.28 17.69
0 233548.282783 569495.30 9492765.11 17.58
5 233548.282783 569495.31 9492765.12 17.65
0 233548.282812 569493.51 9492765.98 17.58
5 233548.282812 569493.48 9492765.93 17.15
0 233548.282840 569491.78 9492766.83 17.58
5 233548.282840 569491.75 9492766.79 17.28
0 233548.282870 569489.98 9492767.72 17.58
5 233548.282870 569489.96 9492767.69 17.27
0 233548.282898 569488.27 9492768.59 17.58
3 233548.282898 569488.25 9492768.55 17.27
0 233548.282927 569486.56 9492769.48 17.58
8 233548.282927 569486.48 9492769.35 16.59
0 233548.282955 569484.87 9492770.36 17.59
8 233548.282955 569484.79 9492770.25 16.69
0 233548.282984 569483.12 9492771.28 17.58
8 233548.282984 569483.04 9492771.18 16.73
0 233548.283013 569481.38 9492772.21 17.58
8 233548.283013 569481.30 9492772.11 16.70
0 233548.283042 569479.68 9492773.14 17.58
8 233548.283042 569479.62 9492773.06 16.91
0 233548.283071 569477.99 9492774.07 17.58
8 233548.283071 569477.91 9492773.98 16.74
0 233548.283100 569476.27 9492775.04 17.58
5 233548.283100 569476.28 9492775.06 17.69
0 233548.283128 569474.64 9492775.97 17.58
5 233548.283128 569474.68 9492776.01 17.82
0 233548.283157 569472.94 9492776.96 17.58
5 233548.283157 569473.00 9492777.02 18.01
0 233548.283185 569471.33 9492777.91 17.58
5 233548.283185 569471.38 9492777.97 17.99
0 233548.283214 569469.66 9492778.90 17.58
0 233548.283243 569467.98 9492779.92 17.58
5 233548.283243 569468.06 9492780.00 18.12
9 233548.283357 569461.68 9492784.04 18.29
15 233548.283386 569460.17 9492785.18 18.96
13 233548.283386 569460.11 9492785.14 18.63
3 233548.283386 569459.31 9492784.45 13.60
9 233548.283416 569458.49 9492786.23 18.74
9 233548.283444 569456.92 9492787.25 18.64
15 233548.283473 569455.39 9492788.36 18.98
13 233548.283473 569455.39 9492788.36 18.98
15 233548.283502 569453.82 9492789.44 19.04
13 233548.283502 569453.82 9492789.44 19.04
15 233548.283530 569452.31 9492790.47 18.93
13 233548.283530 569452.31 9492790.47 18.93
15 233548.283558 569450.89 9492791.56 19.33
13 233548.283558 569450.89 9492791.56 19.33
9 233548.283586 569449.38 9492792.63 19.34
15 233548.283615 569447.85 9492793.73 19.32
13 233548.283615 569447.76 9492793.67 18.83
9 233548.283644 569446.13 9492794.70 18.20
9 233548.283672 569444.65 9492795.79 18.22
9 233548.283702 569443.10 9492796.94 18.17
0 233548.283730 569441.55 9492797.97 17.61
0 233548.283758 569440.11 9492799.08 17.61
9 233548.283758 569440.35 9492799.21 18.82
3 233548.283758 569439.63 9492798.80 14.31
0 233548.283786 569438.67 9492800.20 17.61
0 233548.283815 569437.23 9492801.33 17.61
0 233548.283844 569435.75 9492802.50 17.61
5 233548.283844 569435.89 9492802.56 18.26
0 233548.283873 569434.32 9492803.65 17.62
5 233548.283873 569434.33 9492803.65 17.66
0 233548.283902 569432.85 9492804.85 17.63
5 233548.283902 569432.80 9492804.83 17.32
0 233548.283936 569431.19 9492806.21 17.63
5 233548.283936 569431.18 9492806.21 17.52
5 233548.283936 569431.18 9492806.21 17.52
0 233548.283964 569429.79 9492807.39 17.64
3 233548.283964 569429.79 9492807.39 17.64
7 233548.283964 569429.07 9492807.05 13.06
0 233548.283992 569428.45 9492808.52 17.64
0 233548.284021 569427.07 9492809.70 17.64
5 233548.284021 569427.19 9492809.76 18.23
5 233548.284021 569427.19 9492809.76 18.23
7 233548.284021 569426.39 9492809.41 13.43
0 233548.284048 569425.75 9492810.84 17.64
5 233548.284048 569425.70 9492810.82 17.31
0 233548.284076 569424.44 9492811.99 17.64
5 233548.284076 569424.37 9492811.96 17.22
0 233548.284106 569423.04 9492813.23 17.64
5 233548.284106 569422.96 9492813.20 17.15
0 233548.284134 569421.74 9492814.40 17.64
8 233548.284134 569421.62 9492814.36 16.92
0 233548.284163 569420.38 9492815.63 17.64
5 233548.284163 569420.30 9492815.61 17.21
0 233548.284191 569419.07 9492816.83 17.64
5 233548.284191 569419.05 9492816.82 17.49
5 233548.284191 569419.05 9492816.82 17.49
0 233548.284219 569417.79 9492818.02 17.64
5 233548.284219 569417.78 9492818.02 17.57
7 233548.284219 569416.85 9492817.70 12.20
0 233548.284248 569416.50 9492819.24 17.64
5 233548.284248 569416.41 9492819.21 17.10
0 233548.284276 569415.26 9492820.43 17.64
5 233548.284276 569415.17 9492820.40 17.15
0 233548.284306 569413.93 9492821.71 17.64
3 233548.284306 569413.87 9492821.69 17.30
0 233548.284334 569412.69 9492822.92 17.64
3 233548.284334 569412.61 9492822.89 17.17
0 233548.284361 569411.53 9492824.07 17.64
3 233548.284361 569411.44 9492824.05 17.16
3 233548.284361 569410.95 9492823.91 14.45
0 233548.284390 569410.28 9492825.33 17.64
5 233548.284390 569410.20 9492825.31 17.25
0 233548.284419 569409.03 9492826.60 17.64
5 233548.284419 569408.96 9492826.58 17.31
0 233548.284448 569407.82 9492827.84 17.64
5 233548.284448 569407.78 9492827.83 17.42
0 233548.284476 569406.63 9492829.08 17.64
5 233548.284476 569406.67 9492829.09 17.80
0 233548.284504 569405.46 9492830.31 17.64
0 233548.284533 569404.28 9492831.58 17.64
5 233548.284533 569404.42 9492831.62 18.21
0 233548.284560 569403.16 9492832.79 17.64
0 233548.284589 569401.99 9492834.07 17.64
0 233548.284617 569400.88 9492835.31 17.67
0 233548.284647 569399.72 9492836.60 17.67
5 233548.284647 569399.73 9492836.61 17.70
3 233548.284647 569399.08 9492836.49 14.43
0 233548.284675 569398.61 9492837.86 17.67
5 233548.284675 569398.60 9492837.86 17.61
0 233548.284703 569397.53 9492839.11 17.67
5 233548.284703 569397.55 9492839.11 17.74
0 233548.284732 569396.43 9492840.40 17.67
8 233548.284732 569396.26 9492840.37 16.86
0 233548.284760 569395.37 9492841.65 17.67
5 233548.284760 569395.38 9492841.65 17.73
0 233548.284790 569394.24 9492842.99 17.67
5 233548.284790 569394.22 9492842.99 17.54
0 233548.284818 569393.19 9492844.27 17.67
10 233548.284818 569393.19 9492844.27 17.66
0 233548.284846 569392.17 9492845.52 17.67
5 233548.284846 569392.21 9492845.53 17.79
0 233548.284875 569391.12 9492846.84 17.67
5 233548.284875 569391.18 9492846.84 17.87
0 233548.284905 569390.07 9492848.17 17.67
5 233548.284905 569390.14 9492848.17 17.91
0 233548.284938 569388.91 9492849.66 17.67
0 233548.284966 569388.03 9492850.94 17.99
10 233548.284966 569388.02 9492850.94 17.96
0 233548.284993 569387.09 9492852.19 17.99
10 233548.284993 569387.09 9492852.19 17.97
0 233548.285022 569386.13 9492853.48 17.99
5 233548.285022 569386.13 9492853.48 17.98
0 233548.285051 569385.17 9492854.79 17.99
5 233548.285051 569385.22 9492854.79 18.16
8 233548.285051 569384.99 9492854.78 17.18
0 233548.285079 569384.24 9492856.08 17.99
5 233548.285079 569384.31 9492856.08 18.22
0 233548.285108 569383.31 9492857.39 17.99
5 233548.285108 569383.25 9492857.39 17.75
0 233548.285136 569382.40 9492858.68 17.99
5 233548.285136 569382.34 9492858.68 17.71
5 233548.285136 569382.33 9492858.68 17.65
0 233548.285165 569381.50 9492859.99 17.99
8 233548.285165 569381.35 9492859.99 17.30
0 233548.285193 569380.63 9492861.28 17.99
8 233548.285193 569380.49 9492861.28 17.35
0 233548.285221 569379.78 9492862.56 17.99
5 233548.285221 569379.75 9492862.56 17.84
0 233548.285251 569378.89 9492863.92 17.99
5 233548.285251 569378.87 9492863.92 17.90
0 233548.285279 569378.05 9492865.21 17.99
5 233548.285279 569378.02 9492865.22 17.82
7 233548.285279 569376.75 9492865.23 12.20
0 233548.285309 569377.20 9492866.56 17.99
5 233548.285309 569377.17 9492866.56 17.83
5 233548.285309 569377.17 9492866.56 17.83
0 233548.285336 569376.42 9492867.82 17.99
5 233548.285336 569376.33 9492867.83 17.57
0 233548.285365 569375.62 9492869.14 17.99
5 233548.285365 569375.52 9492869.14 17.56
0 233548.285393 569374.84 9492870.44 17.99
5 233548.285393 569374.72 9492870.44 17.47
0 233548.285422 569374.07 9492871.77 17.99
5 233548.285422 569373.97 9492871.77 17.58
0 233548.285450 569373.32 9492873.06 17.99
5 233548.285450 569373.24 9492873.07 17.67
5 233548.285450 569373.24 9492873.07 17.67
0 233548.285479 569372.58 9492874.39 17.99
5 233548.285479 569372.53 9492874.39 17.79
5 233548.285479 569372.52 9492874.39 17.73
0 233548.285507 569371.87 9492875.67 17.99
5 233548.285507 569371.80 9492875.68 17.71
0 233548.285536 569371.15 9492877.01 17.99
5 233548.285536 569371.13 9492877.01 17.92
0 233548.285566 569370.44 9492878.35 17.99
5 233548.285566 569370.44 9492878.35 17.99
3 233548.285566 569370.22 9492878.37 17.05
0 233548.285595 569369.75 9492879.68 17.99
0 233548.285623 569369.10 9492880.96 17.99
5 233548.285623 569369.14 9492880.96 18.11
0 233548.285651 569368.45 9492882.27 17.99
5 233548.285651 569368.55 9492882.26 18.32
0 233548.285680 569367.81 9492883.57 17.99
5 233548.285680 569367.99 9492883.55 18.52
5 233548.285680 569367.99 9492883.55 18.52
0 233548.285709 569367.18 9492884.92 17.99
5 233548.285709 569367.41 9492884.89 18.72
5 233548.285709 569367.39 9492884.89 18.64
0 233548.285738 569366.56 9492886.24 17.99
5 233548.285738 569366.82 9492886.21 18.77
0 233548.285767 569365.97 9492887.55 17.99
0 233548.285794 569365.41 9492888.81 17.99
5 233548.285794 569365.57 9492888.79 18.51
0 233548.285824 569364.83 9492890.15 17.99
9 233548.285824 569365.09 9492890.12 18.80
0 233548.285852 569364.27 9492891.47 17.99
9 233548.285852 569364.57 9492891.42 18.90
15 233548.285882 569364.05 9492892.75 18.96
13 233548.285882 569363.99 9492892.76 18.81
9 233548.285909 569363.44 9492893.99 18.61
9 233548.285938 569362.94 9492895.31 18.66
9 233548.285967 569362.38 9492896.65 18.48
9 233548.285996 569361.93 9492897.95 18.59
15 233548.286024 569361.53 9492899.22 18.75
13 233548.286024 569361.37 9492899.25 18.27
15 233548.286052 569361.26 9492900.47 19.28
13 233548.286052 569360.99 9492900.53 18.46
9 233548.286082 569360.60 9492901.83 18.62
9 233548.286109 569360.24 9492903.07 18.75
9 233548.286139 569359.73 9492904.43 18.47
9 233548.286168 569359.32 9492905.74 18.41
9 233548.286197 569358.95 9492907.03 18.40
9 233548.286225 569358.58 9492908.31 18.32
9 233548.286254 569358.26 9492909.59 18.37
9 233548.286281 569357.90 9492910.85 18.24
0 233548.286311 569357.42 9492912.19 17.73
0 233548.286338 569357.14 9492913.43 17.73
0 233548.286368 569356.86 9492914.73 17.73
0 233548.286397 569356.60 9492916.02 17.73
0 233548.286425 569356.37 9492917.27 17.73
0 233548.286453 569356.15 9492918.52 17.73
15 233548.286482 569356.42 9492919.65 19.13
13 233548.286482 569356.39 9492919.66 19.05
15 233548.286510 569356.30 9492920.88 19.33
13 233548.286510 569356.11 9492920.93 18.78
9 233548.286540 569355.95 9492922.21 18.82
15 233548.286570 569355.95 9492923.48 19.32
13 233548.286570 569355.60 9492923.58 18.30
15 233548.286598 569355.85 9492924.69 19.44
14 233548.286598 569355.83 9492924.70 19.36
13 233548.286598 569355.56 9492924.79 18.58
9 233548.286624 569355.69 9492925.87 19.30
9 233548.286654 569355.63 9492927.11 19.45
15 233548.286681 569355.67 9492928.25 19.85
13 233548.286681 569355.64 9492928.26 19.77
9 233548.286709 569355.58 9492929.46 19.81
9 233548.286737 569355.55 9492930.66 19.91
9 233548.286766 569355.53 9492931.89 19.98
15 233548.286795 569355.48 9492933.12 19.96
14 233548.286795 569355.22 9492933.22 19.18
13 233548.286795 569354.57 9492933.45 17.30
9 233548.286823 569355.13 9492934.46 18.97
9 233548.286853 569355.11 9492935.73 18.91
9 233548.286881 569355.11 9492936.93 18.87
9 233548.286909 569355.12 9492938.12 18.80
9 233548.286937 569355.09 9492939.35 18.56
9 233548.286966 569355.07 9492940.57 18.34
9 233548.286995 569355.13 9492941.81 18.30
9 233548.287024 569355.20 9492943.02 18.22
9 233548.287053 569355.26 9492944.28 18.08
9 233548.287081 569355.36 9492945.45 18.00
9 233548.287108 569355.47 9492946.57 17.93
9 233548.287137 569355.64 9492947.75 17.97
9 233548.287165 569355.80 9492948.91 17.93
9 233548.287192 569355.99 9492950.03 17.96
3 233548.287192 569354.27 9492950.80 12.94
9 233548.287221 569356.20 9492951.19 17.95
9 233548.287250 569356.42 9492952.38 17.93
3 233548.287250 569354.50 9492953.26 12.32
9 233548.287279 569356.62 9492953.60 17.78
3 233548.287279 569354.95 9492954.38 12.88
9 233548.287308 569356.89 9492954.73 17.81
3 233548.287308 569355.75 9492955.27 14.46
9 233548.287337 569357.21 9492955.91 17.90
9 233548.287365 569357.52 9492957.01 17.98
9 233548.287393 569357.82 9492958.13 17.95
9 233548.287422 569358.12 9492959.27 17.90
9 233548.287450 569358.46 9492960.39 17.87
9 233548.287480 569358.81 9492961.55 17.83
9 233548.287508 569359.17 9492962.69 17.78
9 233548.287538 569359.56 9492963.86 17.71
9 233548.287570 569360.01 9492965.10 17.69
9 233548.287599 569360.44 9492966.21 17.67
9 233548.287627 569360.88 9492967.28 17.70
9 233548.287654 569361.31 9492968.33 17.65
9 233548.287682 569361.77 9492969.38 17.66
9 233548.287711 569362.29 9492970.48 17.68
9 233548.287740 569362.81 9492971.58 17.68
9 233548.287769 569363.31 9492972.65 17.63
0 233548.287797 569363.86 9492973.69 17.65
0 233548.287826 569364.43 9492974.75 17.65
5 233548.287826 569364.43 9492974.75 17.65
0 233548.287853 569364.97 9492975.74 17.65
5 233548.287853 569364.98 9492975.73 17.67
0 233548.287883 569365.60 9492976.84 17.65
10 233548.287883 569365.59 9492976.84 17.64
0 233548.287911 569366.21 9492977.88 17.65
10 233548.287911 569366.20 9492977.89 17.61
0 233548.287940 569366.84 9492978.92 17.65
10 233548.287940 569366.84 9492978.92 17.65
0 233548.287968 569367.47 9492979.92 17.65
0 233548.287996 569368.12 9492980.93 17.66
0 233548.288025 569368.80 9492981.95 17.66
10 233548.288025 569368.79 9492981.95 17.62
0 233548.288054 569369.50 9492982.97 17.66
5 233548.288054 569369.49 9492982.98 17.62
0 233548.288083 569370.22 9492983.99 17.66
5 233548.288083 569370.20 9492984.01 17.57
0 233548.288112 569370.94 9492984.97 17.66
5 233548.288112 569370.91 9492984.99 17.55
0 233548.288138 569371.64 9492985.90 17.66
5 233548.288138 569371.60 9492985.93 17.49
0 233548.288168 569372.42 9492986.91 17.66
8 233548.288168 569372.17 9492987.08 16.55
0 233548.288197 569373.20 9492987.88 17.66
3 233548.288197 569373.03 9492988.01 16.89
0 233548.288225 569373.99 9492988.84 17.66
3 233548.288225 569373.77 9492988.99 16.72
0 233548.288253 569374.78 9492989.78 17.66
3 233548.288253 569374.61 9492989.90 16.94
0 233548.288281 569375.59 9492990.73 17.66
8 233548.288281 569375.29 9492990.95 16.33
0 233548.288310 569376.43 9492991.68 17.66
3 233548.288310 569376.28 9492991.79 16.99
0 233548.288339 569377.29 9492992.64 17.66
3 233548.288339 569377.05 9492992.82 16.59
0 233548.288368 569378.17 9492993.59 17.66
3 233548.288368 569377.94 9492993.77 16.59
0 233548.288398 569379.08 9492994.55 17.66
3 233548.288398 569378.85 9492994.73 16.59
3 233548.288398 569378.42 9492995.06 14.64
0 233548.288428 569380.02 9492995.51 17.66
3 233548.288428 569379.93 9492995.59 17.23
0 233548.288454 569380.87 9492996.36 17.66
5 233548.288454 569380.93 9492996.32 17.86
8 233548.288454 569380.60 9492996.57 16.43
0 233548.288483 569381.81 9492997.28 17.66
5 233548.288483 569381.81 9492997.28 17.65
3 233548.288483 569381.51 9492997.52 16.27
0 233548.288511 569382.73 9492998.15 17.66
5 233548.288511 569382.71 9492998.17 17.59
0 233548.288539 569383.66 9492999.02 17.66
5 233548.288539 569383.63 9492999.04 17.55
0 233548.288567 569384.62 9492999.90 17.66
5 233548.288567 569384.59 9492999.92 17.53
0 233548.288596 569385.62 9493000.79 17.66
5 233548.288596 569385.59 9493000.81 17.55
0 233548.288625 569386.62 9493001.67 17.66
10 233548.288625 569386.60 9493001.69 17.57
0 233548.288653 569387.63 9493002.53 17.66
5 233548.288653 569387.61 9493002.54 17.57
0 233548.288683 569388.70 9493003.42 17.66
10 233548.288683 569388.68 9493003.43 17.57
9 233548.288711 569389.68 9493004.28 17.53
3 233548.288711 569388.15 9493005.62 12.13
9 233548.288739 569390.71 9493005.11 17.51
9 233548.288767 569391.76 9493005.95 17.46
0 233548.288796 569392.90 9493006.73 17.67
10 233548.288796 569392.89 9493006.74 17.60
0 233548.288825 569394.03 9493007.57 17.67
10 233548.288825 569394.03 9493007.57 17.66
0 233548.288854 569395.15 9493008.39 17.67
5 233548.288854 569395.16 9493008.38 17.70
0 233548.288884 569396.32 9493009.23 17.67
0 233548.288916 569397.63 9493010.14 17.67
0 233548.288943 569398.73 9493010.89 17.67
5 233548.288943 569398.92 9493010.70 18.39
5 233548.288943 569398.90 9493010.72 18.32
0 233548.288971 569399.86 9493011.64 17.67
5 233548.288971 569400.02 9493011.48 18.28
5 233548.288971 569400.00 9493011.50 18.21
0 233548.289000 569401.07 9493012.44 17.66
5 233548.289000 569401.13 9493012.38 17.90
0 233548.289028 569402.24 9493013.19 17.66
5 233548.289028 569402.26 9493013.17 17.73
0 233548.289057 569403.46 9493013.95 17.66
5 233548.289057 569403.44 9493013.97 17.55
0 233548.289086 569404.68 9493014.70 17.66
5 233548.289086 569404.63 9493014.76 17.39
7 233548.289086 569403.82 9493015.60 13.09
0 233548.289115 569405.94 9493015.46 17.66
8 233548.289115 569405.78 9493015.62 16.81
0 233548.289142 569407.12 9493016.15 17.66
8 233548.289142 569406.96 9493016.31 16.83
0 233548.289172 569408.45 9493016.91 17.66
5 233548.289172 569408.47 9493016.89 17.76
0 233548.289201 569409.78 9493017.66 17.66
5 233548.289201 569409.80 9493017.65 17.71
0 233548.289230 569411.06 9493018.36 17.66
5 233548.289230 569411.05 9493018.37 17.59
5 233548.289230 569411.05 9493018.37 17.59
0 233548.289259 569412.39 9493019.07 17.67
8 233548.289259 569412.24 9493019.25 16.80
0 233548.289287 569413.69 9493019.76 17.67
8 233548.289287 569413.56 9493019.91 16.91
0 233548.289318 569415.15 9493020.50 17.67
8 233548.289318 569414.99 9493020.69 16.77
0 233548.289348 569416.53 9493021.19 17.67
5 233548.289348 569416.50 9493021.23 17.50
0 233548.289377 569417.94 9493021.88 17.67
5 233548.289377 569417.91 9493021.91 17.52
8 233548.289377 569417.76 9493022.10 16.63
0 233548.289406 569419.32 9493022.55 17.67
5 233548.289406 569419.30 9493022.58 17.52
8 233548.289406 569419.12 9493022.80 16.46
0 233548.289436 569420.75 9493023.22 17.67
5 233548.289436 569420.72 9493023.25 17.50
0 233548.289464 569422.14 9493023.86 17.67
5 233548.289464 569422.16 9493023.84 17.74
0 233548.289493 569423.56 9493024.50 17.67
3 233548.289493 569423.56 9493024.50 17.66
0 233548.289520 569424.92 9493025.10 17.67
5 233548.289520 569424.84 9493025.20 17.19
0 233548.289552 569426.52 9493025.79 17.67
5 233548.289552 569426.52 9493025.78 17.69
0 233548.289581 569427.98 9493026.41 17.67
5 233548.289581 569427.96 9493026.43 17.55
0 233548.289610 569429.44 9493027.01 17.67
5 233548.289610 569429.42 9493027.03 17.54
0 233548.289638 569430.87 9493027.58 17.67
5 233548.289638 569430.85 9493027.61 17.54
0 233548.289667 569432.35 9493028.16 17.67
5 233548.289667 569432.32 9493028.21 17.47
0 233548.289695 569433.80 9493028.72 17.66
5 233548.289695 569433.78 9493028.75 17.52
0 233548.289724 569435.34 9493029.30 17.66
5 233548.289724 569435.32 9493029.34 17.51
0 233548.289753 569436.88 9493029.87 17.66
5 233548.289753 569436.85 9493029.91 17.47
0 233548.289781 569438.38 9493030.41 17.66
5 233548.289781 569438.35 9493030.46 17.44
0 233548.289808 569439.83 9493030.92 17.66
10 233548.289808 569439.80 9493030.95 17.50
0 233548.289838 569441.40 9493031.46 17.66
10 233548.289838 569441.37 9493031.51 17.44
3 233548.289838 569441.24 9493031.70 16.55
0 233548.289867 569442.96 9493031.99 17.66
10 233548.289867 569442.94 9493032.02 17.50
0 233548.289895 569444.52 9493032.49 17.66
10 233548.289895 569444.49 9493032.54 17.46
0 233548.289923 569446.06 9493032.98 17.66
5 233548.289923 569446.01 9493033.06 17.30
0 233548.289951 569447.63 9493033.47 17.66
8 233548.289951 569447.51 9493033.66 16.81
0 233548.289980 569449.24 9493033.96 17.66
3 233548.289980 569449.13 9493034.14 16.83
0 233548.290009 569450.87 9493034.44 17.66
8 233548.290009 569450.73 9493034.67 16.60
0 233548.290038 569452.48 9493034.90 17.66
8 233548.290038 569452.36 9493035.11 16.71
0 233548.290067 569454.16 9493035.37 17.66
8 233548.290067 569453.99 9493035.67 16.31
0 233548.290096 569455.76 9493035.80 17.66
3 233548.290096 569455.71 9493035.91 17.18
0 233548.290122 569457.31 9493036.21 17.66
3 233548.290122 569457.19 9493036.42 16.74
0 233548.290151 569458.97 9493036.64 17.66
5 233548.290151 569459.00 9493036.60 17.79
0 233548.290179 569460.59 9493037.04 17.66
5 233548.290179 569460.60 9493037.02 17.73
8 233548.290179 569460.47 9493037.28 16.62
0 233548.290207 569462.20 9493037.43 17.66
5 233548.290207 569462.20 9493037.43 17.66
8 233548.290207 569462.02 9493037.78 16.10
0 233548.290235 569463.88 9493037.83 17.66
5 233548.290235 569463.87 9493037.83 17.64
8 233548.290235 569463.73 9493038.12 16.38
0 233548.290264 569465.59 9493038.22 17.66
5 233548.290264 569465.59 9493038.22 17.65
8 233548.290264 569465.42 9493038.56 16.14
7 233548.290264 569465.29 9493038.84 14.91
0 233548.290293 569467.30 9493038.59 17.66
8 233548.290293 569467.15 9493038.89 16.33
7 233548.290293 569467.02 9493039.17 15.10
0 233548.290321 569468.97 9493038.95 17.66
8 233548.290321 569468.86 9493039.19 16.62
7 233548.290321 569468.67 9493039.61 14.76
0 233548.290351 569470.73 9493039.32 17.66
8 233548.290351 569470.61 9493039.59 16.45
7 233548.290351 569470.44 9493039.96 14.84
0 233548.290379 569472.45 9493039.66 17.66
7 233548.290379 569472.17 9493040.30 14.87
0 233548.290408 569474.17 9493040.00 17.66
8 233548.290408 569474.02 9493040.35 16.13
7 233548.290408 569473.91 9493040.60 15.03
0 233548.290441 569476.20 9493040.38 17.66
8 233548.290441 569476.09 9493040.64 16.52
0 233548.290469 569477.94 9493040.69 17.66
5 233548.290469 569477.89 9493040.82 17.11
0 233548.290499 569479.73 9493041.00 17.66
5 233548.290499 569479.68 9493041.12 17.15
5 233548.290499 569479.68 9493041.13 17.09
0 233548.290527 569481.51 9493041.29 17.66
5 233548.290527 569481.46 9493041.42 17.10
0 233548.290555 569483.24 9493041.57 17.66
3 233548.290555 569483.23 9493041.60 17.54
0 233548.290583 569484.98 9493041.83 17.66
5 233548.290583 569484.97 9493041.87 17.49
0 233548.290613 569486.82 9493042.10 17.66
5 233548.290613 569486.81 9493042.15 17.48
0 233548.290642 569488.64 9493042.36 17.66
7 233548.290642 569488.63 9493042.39 17.53
0 233548.290671 569490.46 9493042.60 17.66
7 233548.290671 569490.45 9493042.62 17.57
0 233548.290701 569492.36 9493042.84 17.66
5 233548.290701 569492.35 9493042.87 17.52
0 233548.290732 569494.33 9493043.07 17.66
5 233548.290732 569494.32 9493043.11 17.51
0 233548.290759 569496.09 9493043.27 17.66
5 233548.290759 569496.08 9493043.31 17.50
0 233548.290787 569497.89 9493043.46 17.65
5 233548.290787 569497.87 9493043.51 17.46
0 233548.290816 569499.72 9493043.65 17.65
5 233548.290816 569499.71 9493043.69 17.48
0 233548.290845 569501.59 9493043.82 17.65
5 233548.290845 569501.58 9493043.87 17.47
9 233548.290988 569510.88 9493044.60 17.42
9 233548.291161 569522.28 9493045.07 17.40
9 233548.291190 569524.22 9493045.11 17.42
9 233548.291218 569526.12 9493045.15 17.36
9 233548.291246 569527.98 9493045.20 17.24
9 233548.291275 569529.89 9493045.30 16.94
9 233548.291304 569531.86 9493045.02 17.77
15 233548.291333 569533.83 9493045.07 17.57
13 233548.291333 569533.78 9493045.55 16.06
9 233548.291362 569535.78 9493045.11 17.33
9 233548.291390 569537.68 9493045.11 17.17
9 233548.291505 569545.52 9493044.74 17.33
9 233548.291534 569547.46 9493044.62 17.38
9 233548.291561 569549.35 9493044.50 17.39
0 233548.291591 569551.35 9493044.30 17.61
7 233548.291591 569551.35 9493044.34 17.43
0 233548.291619 569553.32 9493044.16 17.61
5 233548.291619 569553.32 9493044.21 17.37
0 233548.291648 569555.24 9493044.01 17.61
5 233548.291648 569555.24 9493044.04 17.48
0 233548.291674 569557.09 9493043.85 17.61
5 233548.291674 569557.09 9493043.91 17.37
3 233548.291674 569557.11 9493044.62 14.33
9 233548.291704 569559.09 9493043.74 17.37
9 233548.291733 569561.09 9493043.54 17.40
9 233548.291762 569563.07 9493043.32 17.42
9 233548.291905 569572.92 9493042.12 17.34
15 233548.291934 569574.91 9493041.78 17.50
13 233548.291934 569574.98 9493042.25 15.99
9 233548.291962 569576.89 9493041.45 17.58
9 233548.291991 569578.86 9493041.15 17.57
9 233548.292020 569580.86 9493040.88 17.37
0 233548.292048 569582.77 9493040.47 17.63
5 233548.292048 569582.78 9493040.50 17.51
0 233548.292077 569584.79 9493040.12 17.63
10 233548.292077 569584.79 9493040.14 17.52
0 233548.292105 569586.71 9493039.76 17.63
10 233548.292105 569586.71 9493039.78 17.56
0 233548.292134 569588.72 9493039.38 17.63
5 233548.292134 569588.73 9493039.41 17.48
0 233548.292163 569590.74 9493038.98 17.63
10 233548.292163 569590.75 9493039.04 17.39
0 233548.292192 569592.69 9493038.59 17.63
5 233548.292192 569592.70 9493038.64 17.40
0 233548.292220 569594.63 9493038.18 17.63
5 233548.292220 569594.65 9493038.24 17.35
0 233548.292249 569596.62 9493037.74 17.63
8 233548.292249 569596.66 9493037.90 16.95
0 233548.292277 569598.57 9493037.30 17.63
5 233548.292277 569598.59 9493037.38 17.28
5 233548.292277 569598.59 9493037.38 17.28
0 233548.292307 569600.58 9493036.84 17.63
10 233548.292307 569600.59 9493036.89 17.39
0 233548.292337 569602.62 9493036.35 17.63
10 233548.292337 569602.63 9493036.37 17.54
0 233548.292365 569604.55 9493035.87 17.63
5 233548.292365 569604.56 9493035.90 17.47
0 233548.292392 569606.39 9493035.40 17.63
10 233548.292392 569606.40 9493035.43 17.50
9 233548.292421 569608.38 9493034.91 17.52
9 233548.292448 569610.25 9493034.39 17.59
9 233548.292476 569612.13 9493033.85 17.65
9 233548.292504 569614.07 9493033.33 17.57
15 233548.292533 569616.01 9493032.73 17.68
13 233548.292533 569616.06 9493032.85 17.28
9 233548.292562 569617.97 9493032.16 17.62
9 233548.292590 569619.88 9493031.58 17.63
9 233548.292620 569621.87 9493030.90 17.78
9 233548.292648 569623.74 9493030.22 18.04
9 233548.292676 569625.63 9493029.62 17.96
9 233548.292705 569627.51 9493028.95 18.08
9 233548.292733 569629.45 9493028.38 17.78
9 233548.292763 569631.42 9493027.70 17.72
9 233548.292791 569633.34 9493027.00 17.73
9 233548.292821 569635.29 9493026.25 17.81
9 233548.292849 569637.17 9493025.55 17.77
9 233548.292876 569638.94 9493024.90 17.68
15 233548.292905 569640.79 9493024.06 17.99
13 233548.292905 569640.84 9493024.15 17.67
9 233548.292933 569642.66 9493023.38 17.75
9 233548.292960 569644.49 9493022.70 17.55
9 233548.292989 569646.36 9493021.97 17.37
9 233548.293018 569648.26 9493021.14 17.41
9 233548.293047 569650.11 9493020.33 17.40
0 233548.293075 569651.90 9493019.45 17.62
5 233548.293075 569651.92 9493019.48 17.45
0 233548.293105 569653.80 9493018.58 17.62
10 233548.293105 569653.83 9493018.61 17.45
0 233548.293133 569655.59 9493017.74 17.62
10 233548.293133 569655.62 9493017.79 17.38
0 233548.293161 569657.37 9493016.89 17.62
5 233548.293161 569657.36 9493016.88 17.69
0 233548.293189 569659.16 9493016.02 17.62
5 233548.293189 569659.12 9493015.97 17.83
0 233548.293218 569660.95 9493015.14 17.62
10 233548.293218 569660.96 9493015.14 17.61
0 233548.293247 569662.79 9493014.21 17.62
10 233548.293247 569662.80 9493014.23 17.53
0 233548.293276 569664.59 9493013.28 17.62
5 233548.293276 569664.60 9493013.30 17.50
0 233548.293305 569666.43 9493012.31 17.62
5 233548.293305 569666.44 9493012.34 17.50
0 233548.293333 569668.16 9493011.38 17.62
5 233548.293333 569668.17 9493011.40 17.51
9 233548.293360 569669.81 9493010.51 17.51
9 233548.293389 569671.61 9493009.56 17.38
9 233548.293417 569673.29 9493008.58 17.43
9 233548.293444 569674.88 9493007.53 17.78
9 233548.293472 569676.63 9493006.58 17.55
9 233548.293502 569678.34 9493005.49 17.71
9 233548.293531 569680.12 9493004.46 17.55
9 233548.293560 569681.82 9493003.38 17.59
9 233548.293589 569683.55 9493002.27 17.60
9 233548.293618 569685.21 9493001.18 17.64
9 233548.293647 569686.85 9493000.08 17.68
9 233548.293710 569690.40 9492997.57 17.88
9 233548.293738 569691.94 9492996.33 18.27
9 233548.293766 569693.32 9492995.07 18.92
9 233548.293794 569694.86 9492993.93 18.96
15 233548.293822 569696.30 9492992.64 19.49
13 233548.293822 569696.32 9492992.66 19.41
15 233548.293851 569697.86 9492991.45 19.52
13 233548.293851 569698.33 9492991.85 17.71
9 233548.293880 569699.54 9492990.34 19.07
9 233548.293908 569701.22 9492989.26 18.50
9 233548.293938 569702.88 9492988.05 18.21
9 233548.293966 569704.39 9492986.85 18.13
9 233548.293994 569705.92 9492985.66 17.95
9 233548.294023 569707.41 9492984.41 17.88
9 233548.294051 569708.85 9492983.13 17.95
9 233548.294081 569710.35 9492981.81 17.97
9 233548.294109 569711.78 9492980.49 18.02
9 233548.294139 569713.25 9492979.12 18.07
9 233548.294167 569714.64 9492977.84 18.02
9 233548.294194 569715.97 9492976.61 17.95
9 233548.294222 569717.37 9492975.26 17.94
9 233548.294250 569718.71 9492973.94 17.94
9 233548.294278 569719.98 9492972.61 18.05
9 233548.294306 569721.32 9492971.26 18.00
9 233548.294335 569722.67 9492969.84 17.99
9 233548.294364 569724.10 9492968.48 17.66
9 233548.294393 569725.44 9492967.06 17.55
9 233548.294423 569726.75 9492965.61 17.52
9 233548.294451 569728.01 9492964.19 17.49
9 233548.294480 569729.26 9492962.77 17.38
9 233548.294511 569730.59 9492961.14 17.45
0 233548.294541 569731.71 9492959.58 17.81
10 233548.294541 569731.79 9492959.62 17.45
0 233548.294570 569732.91 9492958.07 17.81
10 233548.294570 569732.97 9492958.10 17.57
0 233548.294598 569734.07 9492956.59 17.81
10 233548.294598 569734.12 9492956.62 17.58
0 233548.294626 569735.19 9492955.13 17.81
5 233548.294626 569735.31 9492955.19 17.29
7 233548.294626 569736.26 9492955.66 13.32
0 233548.294655 569736.30 9492953.64 17.81
10 233548.294655 569736.41 9492953.69 17.36
0 233548.294684 569737.42 9492952.12 17.81
10 233548.294684 569737.48 9492952.15 17.55
0 233548.294713 569738.55 9492950.57 17.76
10 233548.294713 569738.59 9492950.59 17.57
0 233548.294742 569739.63 9492949.02 17.76
5 233548.294742 569739.68 9492949.04 17.56
0 233548.294772 569740.72 9492947.42 17.76
10 233548.294772 569740.76 9492947.44 17.57
0 233548.294803 569741.83 9492945.75 17.76
3 233548.294803 569741.86 9492945.76 17.64
7 233548.294803 569742.83 9492946.17 13.73
0 233548.294831 569742.82 9492944.22 17.76
5 233548.294831 569742.85 9492944.23 17.66
0 233548.294859 569743.81 9492942.65 17.76
5 233548.294859 569743.86 9492942.67 17.58
0 233548.294888 569744.79 9492941.07 17.76
5 233548.294888 569744.84 9492941.09 17.56
5 233548.294888 569744.91 9492941.12 17.26
0 233548.294917 569745.75 9492939.47 17.76
5 233548.294917 569745.78 9492939.48 17.63
10 233548.294917 569745.81 9492939.49 17.52
0 233548.294945 569746.66 9492937.91 17.76
10 233548.294945 569746.71 9492937.93 17.56
0 233548.294974 569747.59 9492936.28 17.76
5 233548.294974 569747.62 9492936.29 17.62
0 233548.295003 569748.48 9492934.67 17.76
5 233548.295003 569748.49 9492934.67 17.71
9 233548.295032 569749.37 9492933.03 17.74
9 233548.295061 569750.20 9492931.37 17.82
9 233548.295089 569751.04 9492929.81 17.70
9 233548.295119 569751.88 9492928.12 17.69
9 233548.295148 569752.63 9492926.40 17.85
9 233548.295177 569753.29 9492924.77 18.09
15 233548.295206 569753.88 9492923.05 18.54
13 233548.295206 569753.94 9492923.07 18.39
9 233548.295234 569754.84 9492921.48 17.86
9 233548.295262 569755.62 9492919.85 17.63
9 233548.295291 569756.32 9492918.20 17.56
9 233548.295319 569756.96 9492916.59 17.54
3 233548.295319 569758.95 9492917.10 12.05
9 233548.295349 569757.63 9492914.83 17.55
9 233548.295377 569758.26 9492913.17 17.47
9 233548.295407 569758.88 9492911.41 17.46
0 233548.295436 569759.39 9492909.70 17.61
10 233548.295436 569759.44 9492909.71 17.42
0 233548.295464 569759.92 9492908.03 17.61
10 233548.295464 569759.95 9492908.04 17.49
0 233548.295492 569760.42 9492906.38 17.61
5 233548.295492 569760.47 9492906.38 17.45
3 233548.295492 569761.37 9492906.57 14.10
0 233548.295520 569760.90 9492904.74 17.61
10 233548.295520 569760.94 9492904.75 17.45
0 233548.295549 569761.39 9492902.99 17.61
10 233548.295549 569761.43 9492903.00 17.43
0 233548.295578 569761.84 9492901.26 17.61
5 233548.295578 569761.88 9492901.27 17.46
0 233548.295606 569762.26 9492899.58 17.61
10 233548.295606 569762.30 9492899.58 17.46
0 233548.295636 569762.68 9492897.81 17.61
10 233548.295636 569762.70 9492897.81 17.53
0 233548.295665 569763.06 9492896.08 17.61
10 233548.295665 569763.09 9492896.09 17.48
0 233548.295694 569763.42 9492894.36 17.61
10 233548.295694 569763.45 9492894.36 17.50
0 233548.295723 569763.76 9492892.57 17.61
10 233548.295723 569763.80 9492892.57 17.48
0 233548.295752 569764.07 9492890.83 17.61
5 233548.295752 569764.17 9492890.84 17.25
0 233548.295784 569764.38 9492888.94 17.62
3 233548.295784 569764.41 9492888.94 17.50
0 233548.295813 569764.63 9492887.21 17.62
8 233548.295813 569764.90 9492887.24 16.67
0 233548.295840 569764.86 9492885.56 17.62
3 233548.295840 569764.94 9492885.57 17.31
0 233548.295869 569765.07 9492883.83 17.62
5 233548.295869 569765.13 9492883.83 17.42
0 233548.295898 569765.26 9492882.11 17.62
10 233548.295898 569765.31 9492882.11 17.44
0 233548.295926 569765.42 9492880.39 17.62
10 233548.295926 569765.45 9492880.39 17.50
0 233548.295955 569765.56 9492878.65 17.62
5 233548.295955 569765.58 9492878.65 17.53
0 233548.295983 569765.66 9492876.99 17.62
5 233548.295983 569765.68 9492876.99 17.57
0 233548.296011 569765.75 9492875.28 17.62
5 233548.296011 569765.77 9492875.28 17.57
0 233548.296040 569765.82 9492873.58 17.62
5 233548.296040 569765.83 9492873.58 17.58
0 233548.296069 569765.87 9492871.82 17.60
10 233548.296069 569765.88 9492871.82 17.54
0 233548.296098 569765.88 9492870.07 17.60
5 233548.296098 569765.92 9492870.07 17.46
0 233548.296127 569765.88 9492868.39 17.60
10 233548.296127 569765.92 9492868.39 17.45
0 233548.296154 569765.85 9492866.77 17.60
5 233548.296154 569765.85 9492866.77 17.60
0 233548.296183 569765.79 9492865.02 17.60
5 233548.296183 569765.82 9492865.02 17.49
0 233548.296212 569765.71 9492863.30 17.60
5 233548.296212 569765.74 9492863.30 17.51
5 233548.296212 569765.82 9492863.30 17.22
0 233548.296240 569765.61 9492861.62 17.60
5 233548.296240 569765.73 9492861.62 17.16
0 233548.296268 569765.49 9492859.96 17.60
5 233548.296268 569765.52 9492859.96 17.50
0 233548.296297 569765.34 9492858.28 17.60
8 233548.296297 569765.58 9492858.27 16.74
0 233548.296331 569765.14 9492856.27 17.60
8 233548.296331 569765.31 9492856.26 16.95
0 233548.296360 569764.94 9492854.58 17.60
5 233548.296360 569765.09 9492854.57 17.03
0 233548.296389 569764.71 9492852.87 17.60
8 233548.296389 569764.93 9492852.86 16.79
0 233548.296419 569764.45 9492851.11 17.60
8 233548.296419 569764.62 9492851.10 16.96
0 233548.296447 569764.18 9492849.47 17.60
5 233548.296447 569764.24 9492849.46 17.38
0 233548.296475 569763.89 9492847.85 17.60
5 233548.296475 569763.92 9492847.85 17.50
0 233548.296504 569763.57 9492846.18 17.60
0 233548.296532 569763.23 9492844.54 17.60
5 233548.296532 569763.05 9492844.55 18.08
0 233548.296561 569762.86 9492842.86 17.60
5 233548.296561 569762.66 9492842.88 18.11
0 233548.296590 569762.46 9492841.22 17.60
0 233548.296616 569762.09 9492839.73 17.60
0 233548.296645 569761.64 9492838.06 17.60
5 233548.296645 569761.57 9492838.07 17.79
0 233548.296674 569761.17 9492836.42 17.60
10 233548.296674 569761.20 9492836.42 17.51
9 233548.296702 569760.84 9492834.81 17.22
9 233548.296730 569760.45 9492833.22 16.95
0 233548.296759 569759.68 9492831.66 17.60
5 233548.296759 569759.82 9492831.64 17.09
0 233548.296788 569759.12 9492830.02 17.60
8 233548.296788 569759.30 9492829.99 16.91
0 233548.296817 569758.54 9492828.43 17.60
5 233548.296817 569758.68 9492828.41 17.08
0 233548.296846 569757.95 9492826.86 17.60
5 233548.296846 569758.05 9492826.85 17.26
0 233548.296874 569757.34 9492825.31 17.60
5 233548.296874 569757.48 9492825.28 17.09
0 233548.296906 569756.62 9492823.55 17.60
5 233548.296906 569756.64 9492823.54 17.53
0 233548.296936 569755.94 9492821.95 17.60
5 233548.296936 569755.97 9492821.95 17.49
3 233548.296936 569756.91 9492821.75 13.93
0 233548.296965 569755.24 9492820.38 17.60
10 233548.296965 569755.25 9492820.37 17.55
0 233548.296994 569754.53 9492818.84 17.60
10 233548.296994 569754.53 9492818.84 17.59
0 233548.297022 569753.82 9492817.35 17.60
10 233548.297022 569753.82 9492817.35 17.58
0 233548.297050 569753.08 9492815.88 17.60
5 233548.297050 569753.09 9492815.88 17.56
0 233548.297079 569752.28 9492814.33 17.60
5 233548.297079 569752.29 9492814.32 17.54
0 233548.297108 569751.47 9492812.83 17.60
5 233548.297108 569751.49 9492812.82 17.51
0 233548.297137 569750.65 9492811.34 17.60
5 233548.297137 569750.70 9492811.32 17.40
0 233548.297167 569749.77 9492809.82 17.60
5 233548.297167 569749.84 9492809.80 17.35
0 233548.297201 569748.72 9492808.06 17.59
5 233548.297201 569748.80 9492808.04 17.29
0 233548.297230 569747.83 9492806.62 17.59
5 233548.297230 569747.93 9492806.59 17.21
0 233548.297258 569746.94 9492805.23 17.59
5 233548.297258 569747.05 9492805.20 17.14
0 233548.297287 569745.98 9492803.79 17.59
5 233548.297287 569746.08 9492803.76 17.22
0 233548.297315 569745.03 9492802.39 17.59
5 233548.297315 569745.08 9492802.38 17.40
5 233548.297315 569745.10 9492802.37 17.34
0 233548.297343 569744.09 9492801.03 17.59
5 233548.297343 569744.11 9492801.02 17.52
0 233548.297372 569743.09 9492799.63 17.59
5 233548.297372 569743.10 9492799.62 17.54
0 233548.297405 569741.93 9492798.06 17.59
5 233548.297405 569742.00 9492798.04 17.33
0 233548.297434 569740.88 9492796.68 17.59
8 233548.297434 569741.14 9492796.58 16.53
0 233548.297463 569739.82 9492795.32 17.59
8 233548.297463 569740.01 9492795.26 16.84
0 233548.297492 569738.75 9492794.00 17.59
8 233548.297492 569738.95 9492793.92 16.78
0 233548.297520 569737.68 9492792.70 17.59
8 233548.297520 569737.96 9492792.60 16.45
0 233548.297548 569736.57 9492791.40 17.59
5 233548.297548 569736.71 9492791.35 17.02
0 233548.297576 569735.49 9492790.16 17.59
8 233548.297576 569735.68 9492790.09 16.81
0 233548.297605 569734.34 9492788.88 17.59
8 233548.297605 569734.55 9492788.79 16.68
0 233548.297633 569733.20 9492787.65 17.59
8 233548.297633 569733.38 9492787.57 16.80
0 233548.297662 569731.98 9492786.36 17.59
5 233548.297662 569732.11 9492786.31 17.01
0 233548.297690 569730.78 9492785.14 17.59
5 233548.297690 569730.79 9492785.14 17.57
0 233548.297719 569729.58 9492783.94 17.59
10 233548.297719 569729.58 9492783.94 17.58
0 233548.297748 569728.33 9492782.73 17.59
3 233548.297748 569728.98 9492782.43 14.78
0 233548.297776 569727.10 9492781.56 17.60
5 233548.297776 569727.04 9492781.59 17.81
0 233548.297805 569725.77 9492780.33 17.60
5 233548.297805 569725.72 9492780.36 17.77
0 233548.297834 569724.48 9492779.17 17.60
5 233548.297834 569724.46 9492779.18 17.65
0 233548.297862 569723.22 9492778.07 17.60
10 233548.297862 569723.24 9492778.06 17.54
0 233548.297891 569721.88 9492776.91 17.60
5 233548.297891 569721.85 9492776.93 17.70
0 233548.297920 569720.50 9492775.77 17.60
5 233548.297920 569720.48 9492775.78 17.66
0 233548.297948 569719.18 9492774.69 17.60
5 233548.297948 569719.18 9492774.69 17.58
0 233548.297976 569717.84 9492773.63 17.60
5 233548.297976 569717.90 9492773.60 17.32
5 233548.297976 569717.92 9492773.59 17.26
0 233548.298005 569716.46 9492772.56 17.60
8 233548.298005 569716.63 9492772.47 16.81
0 233548.298034 569715.02 9492771.48 17.60
8 233548.298034 569715.19 9492771.38 16.79
0 233548.298063 569713.60 9492770.43 17.60
8 233548.298063 569713.77 9492770.33 16.77
0 233548.298092 569712.17 9492769.41 17.60
8 233548.298092 569712.29 9492769.34 16.99
0 233548.298120 569710.73 9492768.41 17.60
3 233548.298120 569710.79 9492768.38 17.33
0 233548.298149 569709.27 9492767.42 17.59
5 233548.298149 569709.37 9492767.36 17.10
0 233548.298177 569707.81 9492766.46 17.59
5 233548.298177 569707.75 9492766.49 17.79
5 233548.298177 569707.75 9492766.49 17.79
0 233548.298206 569706.32 9492765.50 17.59
5 233548.298206 569706.29 9492765.53 17.72
5 233548.298206 569706.29 9492765.53 17.72
0 233548.298234 569704.83 9492764.58 17.59
0 233548.298263 569703.28 9492763.63 17.60
0 233548.298292 569701.72 9492762.71 17.60
0 233548.298321 569700.18 9492761.83 17.60
0 233548.298348 569698.71 9492761.01 17.60
3 233548.298348 569698.89 9492760.88 16.66
0 233548.298377 569697.09 9492760.13 17.60
5 233548.298377 569697.03 9492760.18 17.86
0 233548.298406 569695.50 9492759.28 17.60
5 233548.298406 569695.52 9492759.27 17.49
3 233548.298406 569695.88 9492759.01 15.58
0 233548.298434 569693.92 9492758.47 17.60
8 233548.298434 569694.09 9492758.34 16.67
0 233548.298462 569692.34 9492757.68 17.60
8 233548.298462 569692.47 9492757.58 16.87
0 233548.298491 569690.73 9492756.90 17.60
8 233548.298491 569690.92 9492756.76 16.58
0 233548.298520 569689.06 9492756.11 17.59
5 233548.298520 569689.15 9492756.04 17.07
0 233548.298549 569687.39 9492755.35 17.59
5 233548.298549 569687.34 9492755.39 17.80
0 233548.298581 569685.55 9492754.53 17.59
5 233548.298581 569685.52 9492754.55 17.69
0 233548.298610 569683.84 9492753.80 17.59
0 233548.298639 569682.13 9492753.09 17.59
5 233548.298639 569682.09 9492753.12 17.77
0 233548.298668 569680.45 9492752.41 17.59
0 233548.298696 569678.77 9492751.76 17.59
5 233548.298696 569678.76 9492751.78 17.66
0 233548.298725 569677.03 9492751.11 17.59
0 233548.298754 569675.30 9492750.49 17.59
0 233548.298780 569673.70 9492749.93 17.59
5 233548.298780 569673.68 9492749.94 17.67
0 233548.298809 569671.94 9492749.33 17.59
5 233548.298809 569671.92 9492749.35 17.68
9 233548.298838 569670.08 9492748.81 17.93
15 233548.298866 569668.23 9492748.41 18.60
13 233548.298866 569668.23 9492748.41 18.60
3 233548.298894 569667.57 9492746.80 13.31
9 233548.298952 569662.94 9492746.81 18.37
9 233548.298981 569661.13 9492746.35 18.49
9 233548.299010 569659.27 9492745.96 18.81
9 233548.299038 569657.49 9492745.50 18.77
9 233548.299067 569655.63 9492745.11 18.98
15 233548.299095 569653.66 9492744.90 19.90
13 233548.299095 569653.69 9492744.87 19.74
9 233548.299124 569651.79 9492744.57 20.19
15 233548.299152 569649.90 9492744.29 20.62
13 233548.299152 569649.90 9492744.29 20.62
9 233548.299181 569648.09 9492743.83 20.22
9 233548.299211 569646.23 9492743.47 20.14
9 233548.299239 569644.43 9492743.13 20.00
15 233548.299266 569642.67 9492742.85 20.03
14 233548.299266 569642.75 9492742.74 19.55
13 233548.299266 569642.99 9492742.43 18.10
15 233548.299295 569640.82 9492742.49 19.70
13 233548.299295 569640.82 9492742.49 19.70
15 233548.299324 569638.99 9492742.15 19.37
13 233548.299324 569638.99 9492742.15 19.37
0 233548.299468 569629.80 9492740.68 17.61
5 233548.299468 569629.71 9492740.83 18.26
0 233548.299496 569627.91 9492740.52 17.61
5 233548.299496 569627.85 9492740.61 18.05
0 233548.299525 569625.99 9492740.37 17.61
5 233548.299525 569625.95 9492740.44 17.94
0 233548.299554 569624.09 9492740.23 17.61
5 233548.299554 569624.06 9492740.27 17.80
0 233548.299583 569622.11 9492740.12 17.61
5 233548.299583 569622.11 9492740.12 17.61
0 233548.299612 569620.20 9492740.02 17.61
5 233548.299612 569620.22 9492739.98 17.37
0 233548.299642 569618.17 9492739.94 17.61
8 233548.299642 569618.22 9492739.84 17.00
0 233548.299671 569616.25 9492739.88 17.61
8 233548.299671 569616.31 9492739.76 16.88
0 233548.299699 569614.34 9492739.84 17.61
5 233548.299699 569614.33 9492739.86 17.71
5 233548.299699 569614.34 9492739.84 17.63
0 233548.299727 569612.49 9492739.81 17.61
5 233548.299727 569612.49 9492739.81 17.60
0 233548.299755 569610.60 9492739.81 17.61
8 233548.299755 569610.69 9492739.62 16.48
0 233548.299784 569608.63 9492739.82 17.61
8 233548.299784 569608.72 9492739.63 16.43
0 233548.299813 569606.70 9492739.85 17.61
8 233548.299813 569606.77 9492739.69 16.65
0 233548.299841 569604.81 9492739.89 17.61
8 233548.299841 569604.87 9492739.75 16.79
0 233548.299870 569602.83 9492739.95 17.61
5 233548.299870 569602.80 9492740.02 17.90
5 233548.299870 569602.81 9492740.00 17.83
8 233548.299870 569602.89 9492739.80 16.64
0 233548.299899 569600.90 9492740.04 17.61
0 233548.299927 569598.98 9492740.13 17.61
0 233548.299955 569597.06 9492740.25 17.61
10 233548.299955 569597.06 9492740.24 17.59
0 233548.299985 569595.09 9492740.38 17.61
5 233548.299985 569595.09 9492740.38 17.63
9 233548.300015 569593.01 9492740.52 17.57
9 233548.300044 569591.07 9492740.68 17.54
9 233548.300072 569589.16 9492740.85 17.55
0 233548.300159 569583.28 9492741.48 17.61
5 233548.300159 569583.28 9492741.50 17.70
3 233548.300159 569583.32 9492741.33 16.71
0 233548.300188 569581.34 9492741.72 17.61
5 233548.300188 569581.33 9492741.76 17.81
5 233548.300188 569581.33 9492741.76 17.81
0 233548.300216 569579.40 9492741.97 17.61
5 233548.300216 569579.40 9492742.01 17.79
0 233548.300244 569577.53 9492742.23 17.61
5 233548.300244 569577.52 9492742.26 17.74
0 233548.300273 569575.55 9492742.52 17.61
5 233548.300273 569575.54 9492742.54 17.68
0 233548.300302 569573.60 9492742.82 17.61
5 233548.300302 569573.60 9492742.84 17.67
0 233548.300331 569571.63 9492743.15 17.61
5 233548.300331 569571.63 9492743.13 17.51
0 233548.300364 569569.42 9492743.53 17.61
5 233548.300364 569569.42 9492743.54 17.66
0 233548.300393 569567.47 9492743.88 17.61
5 233548.300393 569567.47 9492743.88 17.62
0 233548.300422 569565.55 9492744.24 17.61
5 233548.300422 569565.55 9492744.26 17.70
0 233548.300449 569563.70 9492744.61 17.61
5 233548.300449 569563.70 9492744.63 17.72
5 233548.300449 569563.70 9492744.63 17.72
9 233548.300507 569559.80 9492745.41 17.58
9 233548.300563 569556.10 9492746.25 17.70
0 233548.300620 569552.27 9492747.16 17.68
5 233548.300620 569552.27 9492747.18 17.79
0 233548.300648 569550.40 9492747.62 17.68
0 233548.300677 569548.49 9492748.10 17.68
5 233548.300677 569548.49 9492748.11 17.71
0 233548.300706 569546.56 9492748.61 17.68
5 233548.300706 569546.56 9492748.62 17.74
0 233548.300735 569544.65 9492749.12 17.68
5 233548.300735 569544.65 9492749.13 17.70
0 233548.300763 569542.76 9492749.64 17.68
5 233548.300763 569542.76 9492749.66 17.77
0 233548.300792 569540.89 9492750.18 17.68
5 233548.300792 569540.89 9492750.17 17.64
0 233548.300821 569538.99 9492750.73 17.68
5 233548.300821 569538.99 9492750.73 17.63
5 233548.300821 569538.99 9492750.72 17.57
0 233548.300849 569537.13 9492751.29 17.68
5 233548.300849 569537.13 9492751.31 17.75
5 233548.300849 569537.13 9492751.31 17.75
0 233548.300881 569535.04 9492751.94 17.68
5 233548.300881 569535.04 9492751.95 17.75
0 233548.300910 569533.12 9492752.55 17.68
5 233548.300910 569533.12 9492752.55 17.67
0 233548.300939 569531.25 9492753.16 17.68
5 233548.300939 569531.25 9492753.14 17.52
5 233548.300939 569531.25 9492753.14 17.52
0 233548.300968 569529.37 9492753.80 17.68
8 233548.300968 569529.35 9492753.67 16.84
0 233548.300997 569527.45 9492754.46 17.68
5 233548.300997 569527.45 9492754.45 17.62
0 233548.301026 569525.60 9492755.11 17.68
5 233548.301026 569525.60 9492755.11 17.70
0 233548.301055 569523.74 9492755.77 17.68
5 233548.301055 569523.74 9492755.78 17.73
0 233548.301082 569521.97 9492756.42 17.68
5 233548.301082 569521.97 9492756.42 17.69
3 233548.301082 569521.93 9492756.27 16.62
0 233548.301112 569520.07 9492757.12 17.68
5 233548.301112 569520.09 9492757.19 18.06
0 233548.301141 569518.23 9492757.82 17.68
5 233548.301141 569518.24 9492757.86 17.89
9 233548.301169 569516.39 9492758.56 17.79
9 233548.301198 569514.55 9492759.16 17.21
9 233548.301226 569512.82 9492759.97 17.77
0 233548.301398 569501.98 9492764.56 17.58
5 233548.301398 569502.00 9492764.59 17.73
0 233548.301427 569500.18 9492765.38 17.58
5 233548.301427 569500.20 9492765.40 17.71
0 233548.301455 569498.42 9492766.20 17.58
5 233548.301455 569498.43 9492766.21 17.65
0 233548.301484 569496.65 9492767.03 17.58
5 233548.301484 569496.65 9492767.04 17.63
0 233548.301512 569494.92 9492767.86 17.58
5 233548.301512 569494.94 9492767.89 17.77
0 233548.301542 569493.14 9492768.73 17.58
5 233548.301542 569493.11 9492768.67 17.15
0 233548.301570 569491.38 9492769.60 17.58
5 233548.301570 569491.36 9492769.56 17.25
0 233548.301600 569489.62 9492770.49 17.57
3 233548.301600 569489.62 9492770.48 17.49
0 233548.301628 569487.93 9492771.35 17.57
8 233548.301628 569487.86 9492771.26 16.78
0 233548.301656 569486.22 9492772.24 17.57
8 233548.301656 569486.15 9492772.15 16.83
0 233548.301685 569484.51 9492773.14 17.58
8 233548.301685 569484.44 9492773.04 16.80
0 233548.301714 569482.76 9492774.07 17.58
8 233548.301714 569482.69 9492773.99 16.86
0 233548.301743 569481.05 9492775.00 17.58
5 233548.301743 569481.08 9492775.03 17.77
0 233548.301771 569479.37 9492775.92 17.58
0 233548.301799 569477.74 9492776.84 17.58
0 233548.301828 569476.02 9492777.81 17.58
5 233548.301828 569476.05 9492777.84 17.77
0 233548.301857 569474.34 9492778.78 17.58
0 233548.301887 569472.65 9492779.77 17.58
5 233548.301887 569472.71 9492779.84 18.06
0 233548.301916 569470.95 9492780.77 17.58
9 233548.302002 569466.18 9492783.89 18.45
9 233548.302030 569464.58 9492784.87 18.29
9 233548.302059 569462.99 9492785.92 18.48
9 233548.302087 569461.52 9492786.97 18.88
9 233548.302116 569459.93 9492788.03 18.97
9 233548.302144 569458.35 9492789.02 18.78
9 233548.302173 569456.74 9492790.10 18.79
9 233548.302201 569455.21 9492791.16 18.86
9 233548.302229 569453.69 9492792.20 18.87
9 233548.302258 569452.20 9492793.32 19.21
9 233548.302286 569450.69 9492794.36 19.09
15 233548.302316 569449.07 9492795.48 18.94
14 233548.302316 569449.06 9492795.47 18.85
13 233548.302316 569448.66 9492795.20 16.66
9 233548.302345 569447.42 9492796.47 18.10
9 233548.302402 569444.44 9492798.69 18.18
0 233548.302430 569442.86 9492799.73 17.61
0 233548.302461 569441.30 9492800.93 17.61
9 233548.302461 569441.51 9492801.05 18.70
0 233548.302489 569439.85 9492802.04 17.61
0 233548.302519 569438.34 9492803.23 17.61
5 233548.302519 569438.48 9492803.30 18.32
0 233548.302548 569436.88 9492804.38 17.61
5 233548.302548 569436.97 9492804.42 18.03
0 233548.302575 569435.49 9492805.50 17.61
5 233548.302575 569435.43 9492805.47 17.26
0 233548.302603 569434.11 9492806.61 17.62
5 233548.302603 569434.06 9492806.58 17.27
0 233548.302632 569432.67 9492807.80 17.63
5 233548.302632 569432.63 9492807.78 17.39
5 233548.302632 569432.62 9492807.78 17.33
0 233548.302662 569431.24 9492808.99 17.64
5 233548.302662 569431.21 9492808.98 17.48
5 233548.302662 569431.21 9492808.98 17.48
0 233548.302689 569429.89 9492810.12 17.64
5 233548.302689 569429.86 9492810.10 17.43
5 233548.302689 569429.85 9492810.10 17.37
0 233548.302719 569428.47 9492811.32 17.64
5 233548.302719 569428.42 9492811.30 17.33
0 233548.302747 569427.11 9492812.49 17.64
5 233548.302747 569427.02 9492812.45 17.07
0 233548.302776 569425.73 9492813.70 17.64
5 233548.302776 569425.63 9492813.66 17.08
0 233548.302804 569424.41 9492814.86 17.64
8 233548.302804 569424.27 9492814.80 16.77
0 233548.302833 569423.03 9492816.10 17.64
8 233548.302833 569422.90 9492816.05 16.89
0 233548.302862 569421.71 9492817.28 17.64
5 233548.302862 569421.64 9492817.26 17.24
0 233548.302890 569420.40 9492818.48 17.64
5 233548.302890 569420.37 9492818.47 17.50
0 233548.302920 569419.04 9492819.74 17.64
5 233548.302920 569419.03 9492819.73 17.57
0 233548.302953 569417.54 9492821.15 17.66
8 233548.302953 569417.43 9492821.11 17.03
0 233548.302981 569416.27 9492822.33 17.60
5 233548.302981 569416.29 9492822.34 17.66
0 233548.303010 569414.99 9492823.57 17.60
3 233548.303010 569414.93 9492823.55 17.26
0 233548.303038 569413.75 9492824.79 17.64
3 233548.303038 569413.66 9492824.77 17.16
0 233548.303066 569412.53 9492826.00 17.64
5 233548.303066 569412.46 9492825.98 17.26
0 233548.303095 569411.29 9492827.23 17.64
5 233548.303095 569411.23 9492827.21 17.27
5 233548.303095 569411.23 9492827.21 17.27
0 233548.303123 569410.07 9492828.47 17.64
5 233548.303123 569409.98 9492828.45 17.18
0 233548.303152 569408.85 9492829.72 17.64
5 233548.303152 569408.82 9492829.71 17.48
0 233548.303182 569407.60 9492831.02 17.64
5 233548.303182 569407.70 9492831.04 18.01
0 233548.303213 569406.30 9492832.39 17.64
0 233548.303242 569405.12 9492833.65 17.64
0 233548.303271 569403.96 9492834.91 17.64
0 233548.303302 569402.70 9492836.28 17.64
0 233548.303330 569401.59 9492837.52 17.67
0 233548.303359 569400.44 9492838.80 17.67
5 233548.303359 569400.45 9492838.80 17.69
0 233548.303388 569399.30 9492840.10 17.67
5 233548.303388 569399.30 9492840.10 17.65
0 233548.303416 569398.21 9492841.35 17.67
5 233548.303416 569398.24 9492841.36 17.76
8 233548.303416 569398.01 9492841.32 16.65
0 233548.303443 569397.17 9492842.56 17.67
5 233548.303443 569397.12 9492842.56 17.40
0 233548.303472 569396.06 9492843.87 17.67
5 233548.303472 569396.05 9492843.87 17.58
0 233548.303501 569394.99 9492845.16 17.67
5 233548.303501 569395.00 9492845.16 17.72
0 233548.303529 569393.94 9492846.43 17.67
0 233548.303557 569392.92 9492847.69 17.67
0 233548.303586 569391.90 9492848.96 17.67
3 233548.303586 569391.06 9492848.88 13.66
0 233548.303615 569390.86 9492850.28 17.67
0 233548.303644 569389.93 9492851.59 17.99
5 233548.303644 569389.93 9492851.59 17.97
0 233548.303673 569388.92 9492852.91 17.99
5 233548.303673 569388.93 9492852.91 18.02
0 233548.303702 569387.91 9492854.25 17.99
0 233548.303732 569386.92 9492855.58 17.99
0 233548.303761 569385.95 9492856.90 17.99
10 233548.303761 569385.94 9492856.90 17.97
0 233548.303789 569385.04 9492858.16 17.99
5 233548.303789 569385.06 9492858.16 18.08
0 233548.303817 569384.12 9492859.45 17.99
5 233548.303817 569384.18 9492859.45 18.19
0 233548.303845 569383.22 9492860.74 17.99
8 233548.303845 569383.08 9492860.73 17.36
0 233548.303874 569382.30 9492862.07 17.99
8 233548.303874 569382.13 9492862.07 17.23
0 233548.303904 569381.38 9492863.43 17.99
5 233548.303904 569381.33 9492863.43 17.77
0 233548.303932 569380.52 9492864.72 17.99
5 233548.303932 569380.50 9492864.72 17.89
7 233548.303932 569379.47 9492864.72 13.29
0 233548.303960 569379.70 9492865.96 17.99
5 233548.303960 569379.67 9492865.96 17.85
0 233548.303990 569378.81 9492867.34 17.99
5 233548.303990 569378.70 9492867.35 17.48
0 233548.304019 569377.98 9492868.66 17.99
5 233548.304019 569377.86 9492868.66 17.48
0 233548.304047 569377.16 9492869.97 17.99
8 233548.304047 569377.01 9492869.98 17.32
0 233548.304075 569376.39 9492871.24 17.99
8 233548.304075 569376.23 9492871.25 17.28
0 233548.304103 569375.61 9492872.54 17.99
5 233548.304103 569375.50 9492872.54 17.51
0 233548.304132 569374.83 9492873.87 17.99
5 233548.304132 569374.74 9492873.88 17.60
0 233548.304161 569374.07 9492875.20 17.99
5 233548.304161 569373.96 9492875.21 17.52
0 233548.304192 569373.26 9492876.62 17.99
5 233548.304192 569373.19 9492876.63 17.67
0 233548.304222 569372.52 9492877.97 17.99
5 233548.304222 569372.51 9492877.97 17.94
0 233548.304251 569371.81 9492879.30 17.99
10 233548.304251 569371.80 9492879.30 17.97
0 233548.304280 569371.10 9492880.64 17.99
10 233548.304280 569371.08 9492880.65 17.92
0 233548.304308 569370.43 9492881.93 17.99
5 233548.304308 569370.44 9492881.93 18.01
0 233548.304337 569369.76 9492883.26 17.99
5 233548.304337 569369.82 9492883.25 18.20
0 233548.304366 569369.10 9492884.58 17.99
5 233548.304366 569369.21 9492884.57 18.33
0 233548.304394 569368.47 9492885.88 17.99
5 233548.304394 569368.63 9492885.87 18.49
0 233548.304424 569367.82 9492887.25 17.99
5 233548.304424 569368.02 9492887.22 18.60
5 233548.304424 569367.99 9492887.23 18.52
0 233548.304454 569367.20 9492888.60 17.99
0 233548.304481 569366.63 9492889.85 17.99
5 233548.304481 569366.77 9492889.83 18.43
0 233548.304509 569366.07 9492891.11 17.99
5 233548.304509 569366.29 9492891.08 18.67
0 233548.304538 569365.48 9492892.47 17.99
9 233548.304538 569365.76 9492892.42 18.85
15 233548.304566 569365.25 9492893.68 18.91
13 233548.304566 569365.10 9492893.70 18.43
9 233548.304595 569364.51 9492895.02 18.27
9 233548.304623 569364.00 9492896.32 18.33
9 233548.304653 569363.45 9492897.67 18.23
9 233548.304682 569363.00 9492898.98 18.39
15 233548.304710 569362.75 9492900.21 19.02
13 233548.304710 569362.75 9492900.21 19.02
15 233548.304738 569362.41 9492901.47 19.38
13 233548.304738 569362.12 9492901.52 18.52
9 233548.304766 569361.73 9492902.75 18.64
9 233548.304794 569361.33 9492904.01 18.68
15 233548.304823 569360.93 9492905.33 18.76
13 233548.304823 569360.93 9492905.33 18.76
9 233548.304852 569360.60 9492906.61 18.99
9 233548.304880 569360.11 9492907.93 18.69
15 233548.304909 569359.76 9492909.22 18.75
13 233548.304909 569359.71 9492909.23 18.59
15 233548.304938 569359.47 9492910.50 18.93
13 233548.304938 569359.23 9492910.55 18.22
9 233548.304967 569358.92 9492911.83 18.28
9 233548.304995 569358.62 9492913.08 18.34
9 233548.305023 569358.35 9492914.35 18.42
0 233548.305052 569357.82 9492915.70 17.73
5 233548.305052 569358.02 9492915.65 18.32
0 233548.305081 569357.55 9492916.98 17.73
9 233548.305109 569357.59 9492918.12 18.58
9 233548.305138 569357.44 9492919.38 18.85
9 233548.305166 569357.28 9492920.62 19.02
15 233548.305194 569357.14 9492921.84 19.21
13 233548.305194 569357.14 9492921.84 19.21
9 233548.305223 569356.90 9492923.11 19.06
15 233548.305250 569356.77 9492924.31 19.16
13 233548.305250 569356.77 9492924.31 19.16
15 233548.305280 569356.64 9492925.60 19.28
13 233548.305280 569356.64 9492925.60 19.28
15 233548.305309 569356.55 9492926.82 19.41
13 233548.305309 569356.52 9492926.83 19.34
9 233548.305340 569356.47 9492928.16 19.58
9 233548.305369 569356.39 9492929.40 19.67
9 233548.305398 569356.26 9492930.69 19.60
15 233548.305428 569356.21 9492931.97 19.67
13 233548.305428 569356.21 9492931.97 19.67
15 233548.305457 569355.83 9492933.32 18.77
13 233548.305457 569355.27 9492933.51 17.13
9 233548.305485 569355.70 9492934.56 18.51
9 233548.305514 569355.68 9492935.80 18.53
9 233548.305543 569355.70 9492937.03 18.61
9 233548.305572 569355.68 9492938.27 18.56
9 233548.305605 569355.65 9492939.66 18.39
9 233548.305633 569355.63 9492940.87 18.24
9 233548.305661 569355.66 9492942.09 18.16
9 233548.305690 569355.71 9492943.31 18.11
9 233548.305719 569355.77 9492944.50 18.05
9 233548.305748 569355.85 9492945.75 17.98
9 233548.305777 569355.94 9492946.94 17.92
9 233548.305805 569356.07 9492948.13 17.92
9 233548.305835 569356.23 9492949.35 17.93
3 233548.305835 569354.46 9492950.11 12.79
9 233548.305868 569356.43 9492950.72 17.95
9 233548.305896 569356.60 9492951.87 17.91
9 233548.305925 569356.79 9492953.06 17.86
9 233548.305953 569356.99 9492954.22 17.83
9 233548.305981 569357.24 9492955.34 17.87
9 233548.306010 569357.52 9492956.48 17.95
9 233548.306038 569357.81 9492957.62 18.00
9 233548.306067 569358.07 9492958.79 17.91
9 233548.306097 569358.37 9492959.98 17.88
9 233548.306127 569358.69 9492961.17 17.82
9 233548.306155 569359.02 9492962.31 17.80
9 233548.306184 569359.34 9492963.45 17.70
9 233548.306212 569359.71 9492964.57 17.71
9 233548.306241 569360.10 9492965.67 17.70
15 233548.306270 569360.50 9492966.81 17.67
13 233548.306270 569360.05 9492967.05 16.34
9 233548.306300 569360.95 9492967.98 17.68
9 233548.306329 569361.39 9492969.06 17.71
9 233548.306356 569361.82 9492970.09 17.71
9 233548.306385 569362.29 9492971.22 17.65
9 233548.306414 569362.77 9492972.32 17.63
0 233548.306442 569363.28 9492973.38 17.65
0 233548.306471 569363.80 9492974.43 17.65
5 233548.306471 569363.79 9492974.44 17.61
0 233548.306499 569364.33 9492975.49 17.65
5 233548.306499 569364.33 9492975.49 17.66
0 233548.306532 569364.97 9492976.70 17.65
0 233548.306561 569365.56 9492977.78 17.65
10 233548.306561 569365.55 9492977.78 17.64
0 233548.306596 569366.28 9492979.05 17.65
0 233548.306623 569366.87 9492980.05 17.65
0 233548.306652 569367.51 9492981.10 17.66
0 233548.306680 569368.12 9492982.09 17.66
5 233548.306680 569368.13 9492982.09 17.68
0 233548.306708 569368.77 9492983.09 17.66
5 233548.306708 569368.79 9492983.07 17.73
0 233548.306737 569369.44 9492984.11 17.66
5 233548.306737 569369.45 9492984.11 17.67
0 233548.306765 569370.13 9492985.11 17.66
5 233548.306765 569370.12 9492985.11 17.63
0 233548.306794 569370.85 9492986.14 17.66
5 233548.306794 569370.81 9492986.16 17.51
0 233548.306823 569371.57 9492987.12 17.66
8 233548.306823 569371.40 9492987.24 16.92
0 233548.306851 569372.30 9492988.09 17.66
3 233548.306851 569372.13 9492988.21 16.90
0 233548.306880 569373.06 9492989.07 17.66
3 233548.306880 569372.93 9492989.17 17.07
0 233548.306908 569373.82 9492990.02 17.66
3 233548.306908 569373.62 9492990.16 16.78
0 233548.306937 569374.65 9492991.03 17.66
3 233548.306937 569374.35 9492991.24 16.37
0 233548.306965 569375.44 9492991.97 17.66
3 233548.306965 569375.17 9492992.17 16.46
0 233548.306992 569376.20 9492992.87 17.66
3 233548.306992 569375.96 9492993.04 16.60
0 233548.307021 569377.05 9492993.83 17.66
3 233548.307021 569376.83 9492994.00 16.66
0 233548.307050 569377.91 9492994.79 17.66
8 233548.307050 569377.64 9492995.00 16.44
0 233548.307079 569378.77 9492995.72 17.66
8 233548.307079 569378.51 9492995.92 16.47
0 233548.307107 569379.64 9492996.64 17.66
8 233548.307107 569379.40 9492996.83 16.58
0 233548.307135 569380.53 9492997.55 17.66
5 233548.307135 569380.59 9492997.50 17.89
8 233548.307135 569380.19 9492997.81 16.11
0 233548.307164 569381.45 9492998.48 17.66
5 233548.307164 569381.46 9492998.47 17.70
8 233548.307164 569381.10 9492998.75 16.05
0 233548.307192 569382.34 9492999.35 17.66
5 233548.307192 569382.32 9492999.36 17.58
0 233548.307221 569383.29 9493000.26 17.66
5 233548.307221 569383.27 9493000.27 17.58
0 233548.307249 569384.22 9493001.13 17.66
5 233548.307249 569384.20 9493001.15 17.57
0 233548.307278 569385.21 9493002.04 17.66
5 233548.307278 569385.19 9493002.06 17.56
0 233548.307306 569386.19 9493002.91 17.66
3 233548.307306 569386.16 9493002.94 17.52
7 233548.307306 569385.24 9493003.71 13.20
0 233548.307334 569387.16 9493003.77 17.66
10 233548.307334 569387.15 9493003.78 17.58
0 233548.307363 569388.18 9493004.64 17.66
5 233548.307363 569388.16 9493004.65 17.57
9 233548.307391 569389.16 9493005.51 17.55
9 233548.307455 569391.50 9493007.41 17.51
0 233548.307484 569392.62 9493008.22 17.67
10 233548.307484 569392.61 9493008.23 17.60
0 233548.307512 569393.68 9493009.03 17.67
10 233548.307512 569393.68 9493009.03 17.64
0 233548.307541 569394.79 9493009.85 17.67
0 233548.307569 569395.90 9493010.66 17.67
5 233548.307569 569395.91 9493010.64 17.73
0 233548.307597 569397.02 9493011.46 17.67
0 233548.307627 569398.20 9493012.28 17.67
5 233548.307627 569398.30 9493012.19 18.01
0 233548.307656 569399.36 9493013.08 17.67
0 233548.307689 569400.73 9493013.99 17.66
0 233548.307717 569401.88 9493014.74 17.66
10 233548.307717 569401.88 9493014.75 17.65
0 233548.307745 569403.07 9493015.50 17.66
10 233548.307745 569403.05 9493015.52 17.56
0 233548.307774 569404.29 9493016.27 17.66
5 233548.307774 569404.25 9493016.31 17.44
0 233548.307802 569405.49 9493017.00 17.66
3 233548.307802 569405.43 9493017.07 17.31
0 233548.307832 569406.80 9493017.78 17.66
8 233548.307832 569406.66 9493017.93 16.92
0 233548.307861 569408.04 9493018.51 17.66
8 233548.307861 569407.85 9493018.71 16.65
0 233548.307889 569409.29 9493019.23 17.66
3 233548.307889 569409.19 9493019.33 17.12
0 233548.307919 569410.65 9493019.98 17.66
8 233548.307919 569410.54 9493020.11 17.04
0 233548.307947 569411.91 9493020.67 17.67
8 233548.307947 569411.79 9493020.80 17.01
0 233548.307975 569413.21 9493021.37 17.67
8 233548.307975 569413.07 9493021.52 16.91
0 233548.308004 569414.51 9493022.05 17.67
3 233548.308004 569414.45 9493022.12 17.32
0 233548.308033 569415.88 9493022.75 17.67
8 233548.308033 569415.70 9493022.95 16.68
0 233548.308062 569417.25 9493023.43 17.67
5 233548.308062 569417.23 9493023.45 17.58
0 233548.308090 569418.58 9493024.09 17.67
5 233548.308090 569418.53 9493024.16 17.35
0 233548.308117 569419.88 9493024.71 17.67
5 233548.308117 569419.81 9493024.78 17.30
0 233548.308146 569421.29 9493025.37 17.67
5 233548.308146 569421.25 9493025.43 17.41
0 233548.308175 569422.69 9493026.02 17.67
5 233548.308175 569422.65 9493026.08 17.41
0 233548.308203 569424.08 9493026.65 17.67
5 233548.308203 569424.03 9493026.71 17.37
0 233548.308231 569425.47 9493027.26 17.67
5 233548.308231 569425.41 9493027.34 17.29
0 233548.308260 569426.88 9493027.88 17.67
5 233548.308260 569426.79 9493027.99 17.13
0 233548.308289 569428.36 9493028.50 17.67
5 233548.308289 569428.39 9493028.47 17.79
0 233548.308318 569429.83 9493029.11 17.67
5 233548.308318 569429.83 9493029.12 17.64
8 233548.308318 569429.69 9493029.30 16.75
0 233548.308347 569431.32 9493029.71 17.67
5 233548.308347 569431.31 9493029.72 17.63
8 233548.308347 569431.14 9493029.96 16.49
0 233548.308377 569432.85 9493030.31 17.67
5 233548.308377 569432.86 9493030.30 17.73
0 233548.308405 569434.33 9493030.89 17.66
5 233548.308405 569434.36 9493030.85 17.80
3 233548.308405 569434.22 9493031.04 16.94
0 233548.308432 569435.73 9493031.42 17.66
5 233548.308432 569435.75 9493031.38 17.78
8 233548.308432 569435.57 9493031.64 16.63
0 233548.308461 569437.25 9493031.98 17.66
5 233548.308461 569437.24 9493031.99 17.63
0 233548.308489 569438.72 9493032.51 17.66
5 233548.308489 569438.70 9493032.53 17.56
0 233548.308516 569440.20 9493033.03 17.66
5 233548.308516 569440.18 9493033.06 17.54
0 233548.308545 569441.72 9493033.56 17.66
5 233548.308545 569441.70 9493033.60 17.51
0 233548.308574 569443.29 9493034.09 17.66
10 233548.308574 569443.26 9493034.14 17.44
0 233548.308603 569444.86 9493034.61 17.66
10 233548.308603 569444.83 9493034.65 17.45
0 233548.308631 569446.42 9493035.11 17.66
5 233548.308631 569446.37 9493035.19 17.26
5 233548.308631 569446.37 9493035.19 17.26
0 233548.308661 569448.07 9493035.62 17.66
8 233548.308661 569447.94 9493035.82 16.73
0 233548.308689 569449.63 9493036.09 17.66
3 233548.308689 569449.59 9493036.15 17.39
0 233548.308717 569451.20 9493036.56 17.66
3 233548.308717 569451.15 9493036.64 17.28
0 233548.308745 569452.80 9493037.02 17.66
8 233548.308745 569452.68 9493037.24 16.68
0 233548.308774 569454.41 9493037.47 17.66
3 233548.308774 569454.30 9493037.68 16.75
0 233548.308803 569456.09 9493037.93 17.66
3 233548.308803 569456.00 9493038.09 16.95
0 233548.308832 569457.73 9493038.37 17.66
3 233548.308832 569457.67 9493038.49 17.14
0 233548.308862 569459.45 9493038.81 17.66
3 233548.308862 569459.35 9493038.99 16.87
0 233548.308890 569461.07 9493039.22 17.66
8 233548.308890 569460.94 9493039.48 16.51
0 233548.308916 569462.63 9493039.60 17.66
8 233548.308916 569462.45 9493039.94 16.13
7 233548.308916 569462.34 9493040.16 15.17
0 233548.308945 569464.33 9493040.00 17.66
3 233548.308945 569464.23 9493040.19 16.79
0 233548.308973 569465.97 9493040.38 17.66
8 233548.308973 569465.81 9493040.71 16.17
7 233548.308973 569465.71 9493040.91 15.29
0 233548.309001 569467.60 9493040.74 17.66
8 233548.309001 569467.46 9493041.04 16.31
0 233548.309029 569469.29 9493041.10 17.66
8 233548.309029 569469.16 9493041.39 16.38
0 233548.309058 569471.04 9493041.47 17.66
8 233548.309058 569470.94 9493041.69 16.69
0 233548.309088 569472.86 9493041.84 17.66
8 233548.309088 569472.72 9493042.13 16.36
0 233548.309117 569474.57 9493042.17 17.66
5 233548.309117 569474.52 9493042.28 17.20
0 233548.309147 569476.37 9493042.51 17.66
5 233548.309147 569476.35 9493042.57 17.40
0 233548.309175 569478.08 9493042.82 17.66
10 233548.309175 569478.06 9493042.88 17.41
0 233548.309202 569479.79 9493043.12 17.66
3 233548.309202 569479.77 9493043.18 17.41
7 233548.309202 569479.39 9493044.12 13.35
0 233548.309231 569481.54 9493043.42 17.66
5 233548.309231 569481.52 9493043.46 17.47
5 233548.309231 569481.52 9493043.46 17.47
0 233548.309259 569483.30 9493043.70 17.66
5 233548.309259 569483.28 9493043.75 17.43
0 233548.309289 569485.12 9493043.98 17.66
5 233548.309289 569485.09 9493044.05 17.36
0 233548.309317 569486.91 9493044.25 17.66
5 233548.309317 569486.90 9493044.29 17.49
0 233548.309347 569488.77 9493044.51 17.66
5 233548.309347 569488.76 9493044.55 17.50
0 233548.309375 569490.55 9493044.75 17.66
5 233548.309375 569490.53 9493044.78 17.52
0 233548.309402 569492.23 9493044.97 17.65
7 233548.309402 569492.22 9493045.00 17.52
0 233548.309431 569494.06 9493045.19 17.65
5 233548.309431 569494.05 9493045.23 17.50
0 233548.309459 569495.84 9493045.40 17.65
5 233548.309459 569495.82 9493045.44 17.48
9 233548.309601 569504.94 9493046.35 17.46
9 233548.309630 569506.87 9493046.50 17.44
9 233548.309773 569516.20 9493047.07 17.41
9 233548.309977 569529.77 9493047.40 17.37
9 233548.310004 569531.63 9493047.43 17.25
15 233548.310034 569533.64 9493047.36 17.40
13 233548.310034 569533.64 9493047.39 17.33
9 233548.310062 569535.52 9493047.36 17.33
9 233548.310177 569543.28 9493047.09 17.41
9 233548.310205 569545.19 9493047.01 17.39
9 233548.310235 569547.23 9493046.91 17.38
0 233548.310263 569549.16 9493046.72 17.61
7 233548.310263 569549.16 9493046.76 17.44
0 233548.310289 569550.96 9493046.61 17.61
7 233548.310289 569550.96 9493046.65 17.44
0 233548.310318 569552.95 9493046.47 17.61
10 233548.310318 569552.95 9493046.51 17.44
0 233548.310348 569554.95 9493046.32 17.61
5 233548.310348 569554.95 9493046.37 17.41
0 233548.310376 569556.89 9493046.16 17.61
5 233548.310376 569556.89 9493046.21 17.41
0 233548.310404 569558.84 9493045.99 17.61
5 233548.310404 569558.84 9493046.04 17.38
7 233548.310404 569558.88 9493047.06 13.05
0 233548.310433 569560.78 9493045.80 17.61
5 233548.310433 569560.78 9493045.86 17.37
7 233548.310433 569560.83 9493046.87 13.03
9 233548.310462 569562.77 9493045.68 17.35
9 233548.310489 569564.65 9493045.42 17.53
3 233548.310575 569570.56 9493044.53 18.07
15 233548.310604 569572.53 9493044.31 17.93
13 233548.310604 569572.53 9493044.31 17.93
15 233548.310632 569574.47 9493044.08 17.81
14 233548.310632 569574.47 9493044.08 17.81
13 233548.310632 569574.48 9493044.20 17.42
9 233548.310661 569576.48 9493043.92 17.39
9 233548.310689 569578.40 9493043.60 17.46
9 233548.310753 569582.82 9493042.92 17.33
9 233548.310781 569584.80 9493042.57 17.34
0 233548.310809 569586.68 9493042.13 17.63
10 233548.310809 569586.69 9493042.19 17.40
3 233548.310809 569586.74 9493042.42 16.38
0 233548.310838 569588.65 9493041.76 17.63
5 233548.310838 569588.66 9493041.80 17.47
0 233548.310866 569590.60 9493041.39 17.63
5 233548.310866 569590.61 9493041.43 17.45
0 233548.310894 569592.55 9493040.99 17.63
10 233548.310894 569592.57 9493041.04 17.40
0 233548.310924 569594.60 9493040.57 17.63
10 233548.310924 569594.61 9493040.62 17.41
0 233548.310953 569596.55 9493040.15 17.63
5 233548.310953 569596.56 9493040.20 17.40
0 233548.310981 569598.51 9493039.71 17.63
5 233548.310981 569598.51 9493039.70 17.66
5 233548.310981 569598.51 9493039.72 17.59
6 233548.310981 569598.53 9493039.78 17.35
0 233548.311009 569600.44 9493039.27 17.63
10 233548.311009 569600.44 9493039.28 17.57
0 233548.311038 569602.43 9493038.80 17.63
10 233548.311038 569602.44 9493038.83 17.47
0 233548.311071 569604.64 9493038.26 17.63
3 233548.311071 569604.65 9493038.30 17.45
7 233548.311071 569604.97 9493039.33 12.86
0 233548.311098 569606.52 9493037.78 17.63
10 233548.311098 569606.53 9493037.81 17.48
9 233548.311127 569608.53 9493037.31 17.48
9 233548.311156 569610.47 9493036.77 17.54
9 233548.311184 569612.39 9493036.23 17.60
9 233548.311214 569614.38 9493035.67 17.59
9 233548.311242 569616.32 9493035.13 17.54
